Index,Combo,Species_1,Species_2,Species_3,TriMean,TriStDev,Species_1_Mean,Species_1_STDEV,Species_2_Mean,Species_2_STDEV,Species_3_Mean,Species_3_STDEV
1,50610,6,10,5,15676.711,6154.399,12678.738,2790.105,19403.665,3563.319,11821.865,1620.842
2,50608,6,8,5,12463.532,3660.569,13551.839,1894.962,11497.795,3190.755,14467.356,791.374
3,50809,8,5,9,15712.929,4717.05,19733.672,4106.625,17643.601,721.547,12017.659,1340.132
4,50809,8,5,9,17546.389,5807.994,26739.987,2711.103,19785.824,4814.563,16962.957,620.522
5,40509,5,9,4,19709.182,5326.533,20528.766,2706.819,21794.623,1126.796,20470.41,4165.654
6,40511,5,11,4,21926.578,6548.777,24797.717,3042.192,21740.007,5944.124,28995.802,2502.671
7,30411,11,4,3,23751.984,7134.965,18406.657,2861.752,29118.656,1649.739,25827.561,4998.249
8,30811,11,8,3,19535.408,7246.903,20877.626,1240.03,16766.828,2363.17,31422.752,3056.065
9,10308,8,3,1,14333.246,7231.286,7953.273,1495.158,28288.814,1241.488,15647.855,1573.554
10,10811,8,11,1,14829.737,6785.112,9660.396,1600.24,23846.351,4314.395,25469.067,1564.557
11,10911,11,1,9,24177.899,7312.186,16517.653,1417.563,30719.967,2125.247,28871.125,6055.35
12,70911,11,7,9,22747.172,8100.687,20776.301,1233.596,19124.376,3363.261,35436.66,4760.877
13,50709,7,9,5,21339.438,5969.682,17244.822,1130.922,26241.738,3094.268,28481.795,5699.094
14,10507,7,1,5,15295.548,4288.033,18211.508,1429.485,20886.939,3859.392,15437.374,3230.78
15,10510,1,5,10,20255.022,10480.898,15376.323,1362.504,17727.473,2436.103,35584.041,13199.269
16,10910,1,9,10,18857.144,4963.014,16609.621,559.53,20005.863,2506.435,27364.001,4550.112
17,60910,9,10,6,23688.192,4924.479,19595.081,1239.66,21978.343,2259.967,25256.959,5840.919
18,10609,9,1,6,19315.819,3541.325,20299.923,1354.808,22442.779,3237.884,20481.448,3136.999
19,10406,1,6,4,21121.22,3445.871,21878.991,1974.088,21662.385,3465.782,19770.908,4384.27
20,10406,1,6,4,15086.457,3754.525,13461.345,1260.539,20172.403,3553.72,13818.765,2341.23
21,20406,6,4,2,16807.345,4003.51,15108.362,1249.428,13661.439,2922.751,18629.289,5595.893
22,20611,6,11,2,17067.735,6473.681,16662.024,4345.307,14866.992,4923.448,13729.634,6143.159
23,20510,10,5,2,17711.915,4595.53,18198.846,4796.279,12875.489,2814.823,20298.089,2267.395
24,20506,5,2,6,16457.477,4085.59,16636.273,2937.495,20078.987,2057.619,13350.387,1514.089
25,50609,5,9,6,16511.703,5694.688,24874.038,5515.246,11166.985,2034.391,16002.533,978.602
26,60809,9,6,8,17545.641,5047.097,17406.379,3175.371,25744.075,1888.721,21990.604,2480.725
27,40809,9,4,8,20090.305,4758.37,24210.346,3873.726,18926.834,4413.568,25931.525,1495.956
28,20408,4,8,2,22861.466,5870.33,17875.784,4691.393,30962.946,2529.511,25581.949,3097.86
29,20304,4,3,2,21763.987,4805.062,25427.695,2969.244,23223.175,4837.459,25393.915,2084.843
30,20307,3,2,7,17744.183,3588.984,22190.979,2018.88,21768.525,1248.524,15715.728,1146.093
31,10307,3,1,7,18821.389,5734.684,28383.786,2836.652,17989.477,2968.42,22784.265,2754.278
32,10407,1,7,4,21217.395,5423.321,22322.402,1655.72,32213.11,2593.096,23601.816,3049.159
33,10409,1,9,4,19943.045,4643.855,26890.482,1803.411,24167.308,3411.025,21430.723,1618.35
34,40911,9,4,11,22417.453,4135.458,22429.575,1254.353,26114.085,1561.824,27079.34,4179.745
35,50911,9,5,11,20380.03,4348.878,20990.912,1460.191,24526.48,3453.618,26506.102,2217.14
36,50811,5,11,8,23007.647,4930.839,21215.575,1163.811,27674.169,2459.465,27527.198,4821.721
37,50810,5,10,8,21205.504,6351.294,19943.486,1714.078,32713.764,3599.203,24030.465,2334.914
38,30810,10,8,3,20433.696,3051.062,23705.144,1680.636,23279.737,1536.263,21165.056,4035.503
39,30610,10,6,3,21897.397,4693.488,23258.586,3536.025,25237.18,1958.736,21061.283,2193.8
40,30608,6,3,8,21153.321,3168.525,20895.038,997.704,21407.9,3554.119,23766.392,1977.148
41,40608,6,4,8,21577.6,4154.516,23697.491,2199.424,25512.428,2304.274,21443.299,1231.324
42,10408,4,8,1,17467.05,5169.837,14929.892,1525.113,15078.547,1686.467,27430.777,4701.525
43,10204,4,2,1,19277.918,4644.592,17182.405,1258.616,24403.031,3035.695,21135.247,3022.449
44,10206,2,1,6,12128.539,3306.471,13833.873,1975.055,11376.968,1711.682,10702.603,3441.099
45,20309,2,9,3,20714.967,6202.655,16817.704,3641.981,23230.651,2566.938,17726.109,2649.778
46,20306,2,6,3,19562.225,5537.212,26409.538,5074.399,16077.741,2853.529,19949.536,898.338
47,30607,6,3,7,19657.011,4527.54,20339.112,2317.435,24319.542,1234.503,18867.187,1171.539
48,60708,6,8,7,19051.807,4350.726,24700.388,2473.114,21842.539,3429.548,22744.99,1995.771
49,70810,8,7,10,23507.499,6258.849,23260.508,2564.76,33580.917,3296.09,25457.004,2911.635
50,20810,8,2,10,21834.461,5890.434,27072.424,2939.651,23494.586,3335.217,30378.106,1542.204
51,20410,2,10,4,19731.502,6373.669,21216.278,1808.082,32704.422,2697.94,19384.898,1922.806
52,20407,2,7,4,16156.435,4761.519,23565.722,1760.502,20461.593,2196.167,21156.029,2111.43
53,40708,7,4,8,16926.827,5310.831,19291.366,1929.851,29144.873,2403.074,18554.476,1591.821
54,40708,7,4,8,20156.006,3818.534,22783.98,1543.473,18188.298,2235.117,21288.007,2149.477
55,40810,4,8,10,24607.464,8597.927,16142.137,1998.385,23246.233,3599.415,20028.598,3860.298
56,41011,4,11,10,25247.836,5978.879,21902.01,2290.417,26831.367,3184.06,22718.782,3068.13
57,71011,11,10,7,18006.633,5556.479,19597.018,1232.246,17285.121,727.591,31278.088,3357.339
58,70811,11,8,7,19144.374,4814.171,22438.038,1702.341,26317.929,3226.362,23280.169,2657.899
59,70809,8,7,9,19888.601,5163.379,19969.916,1070.639,19866.461,1684.679,28435.125,4903.461
60,30809,8,3,9,20728.402,4540.174,23508.045,1641.379,25727.541,3270.394,25378.336,3930.591
61,30409,3,9,4,21791.508,4316.971,21508.205,1218.776,25393.249,3560.278,26696.2,5009.939
62,30408,3,8,4,19366.417,4326.049,22632.642,1914.176,25375.115,2794.546,22957.175,3603.442
63,40508,8,4,5,21256.307,3293.704,24207.736,2047.238,22634.099,2299.504,23987.311,4983.362
64,10508,8,1,5,18243.434,4608.845,16455.978,1261.743,26297.918,2144.493,15626.767,1561.146
65,10305,1,5,3,15864.806,2860.71,19578.43,2366.282,14951.937,1959.623,15123.064,2966.184
66,10306,1,6,3,10455.167,2331.737,12232.51,904.787,9979.986,1549.102,10859.742,2131.162
67,30509,9,3,5,22481.859,5732.51,26752.649,7444.801,19713.787,4520.792,26827.667,1341.482
68,30511,3,5,11,20328.232,4954.954,18049.539,2716.496,26668.795,1836.92,24055.857,2038.884
69,30711,3,7,11,21073.98,5187.122,18455.659,3834.335,15006.934,2634.097,30190.817,1549.452
70,20711,7,11,2,21984.901,5624.739,15896.499,1595.903,33282.305,3019.87,22211.734,1907.285
71,20710,7,10,2,23775.419,5609.814,29486.303,5092.966,23579.917,3644.111,30783.22,1486.037
72,10210,10,2,1,19195.994,5230.384,21964.075,2287.402,30062.287,2373.319,19236.927,2652.514
73,10410,10,4,1,15557.239,5795.394,27479.885,3171.954,16486.685,1937.04,16407.53,2070.705
74,10411,4,1,11,13008.374,4377.735,17315.667,2801.453,20656.486,2882.348,12062.933,1781.988
75,40811,4,8,11,19076.675,5205.891,28900.804,2906.994,20863.016,2387.704,20510.929,1809.038
76,60811,8,11,6,19587.184,5229.682,15833.594,1255.942,19862.802,2649.079,16325.293,2518.867
77,60810,8,10,6,21585.894,7397.509,19615.419,2837.248,17118.912,2768.103,14931.259,2688.428
78,10610,10,6,1,20577.609,7400.277,15666.532,1652.277,15462.102,3282.975,15766.528,3170.458
79,10710,10,7,1,18841.771,5472.278,18083.068,1315.942,30812.224,3537.829,23968.088,2112.753
80,10207,7,1,2,20218.354,6609.865,21601.546,2230.082,21228.988,2425.269,32888.07,4164.015
81,20709,7,9,2,19533.682,6636.645,18334.324,1468.995,29511.396,2617.141,30603.929,3785.454
82,20609,9,2,6,18785.565,5913.387,20181.453,2193.057,23600.125,3575.154,29364.937,3841.338
83,40609,9,4,6,17182.316,5146.069,18533.086,2859.503,26593.026,2228.976,19728.676,2031.834
84,30406,4,6,3,18120.447,4854.695,19284.456,1780.497,19098.639,2250.325,25588.674,3394.297
85,30405,4,5,3,20294.474,4654.186,19382.85,554.497,24871.936,1828.628,21954.248,2711.257
86,30506,5,3,6,16244.854,4736.302,13412.411,614.408,16829.411,3293.803,22982.377,3987.138
87,30506,5,3,6,14868.826,3990.133,13513.665,1229.469,14208.432,1149.026,18814.979,3486.733
88,30611,3,6,11,15866.049,5921.831,13093.089,2307.601,12075.639,3330.173,16454.566,4316.18
89,51011,10,11,5,11358.883,3122.981,7654.999,689.136,11618.615,1737.748,12971.72,2491.252
90,51011,10,11,5,13431.013,2830.086,11817.484,602.42,13232.242,1047.406,18495.105,1771.065
91,10511,11,5,1,20921.826,5815.116,15965.5,1592.798,23272.483,1667.698,19170.098,2968.839
92,10211,11,2,1,12304.869,3707.422,17591.632,1962.866,8703.667,1239.637,18470.009,2018.652
93,10209,2,1,9,18224.061,4803.174,14792.971,959.324,25404.061,2776.3,17436.131,4752.142
94,20509,2,5,9,12481.064,3914.365,16317.06,1605.249,11808.151,1361.674,19865.375,1413.259
95,10509,5,9,1,16057.54,5757.102,15712.073,1148.376,29105.215,2433.605,10145.468,1077.682
96,10205,5,2,1,12216.945,3344.087,16899.067,812.649,10117.113,718.685,11400.84,1115.118
97,10208,2,1,8,16615.512,5873.892,12186.461,1420.966,16823.078,2026.532,11897.39,2159.321
98,20811,2,11,8,15983.784,4195.063,15799.975,1735.332,15228.7,2281.249,13035.751,2124.628
99,81011,11,8,10,20655.319,6697.981,17105.531,3194.357,16443.438,2993.968,18828.224,2135.126
100,21011,11,2,10,18453.877,5730.785,17587.131,2327.756,15472.936,2063.742,17205.502,1569.229
101,20310,2,10,3,22350.761,9958.369,13359.211,2485.518,19647.816,1628.366,15943.261,3582.143
102,20305,2,5,3,16782.458,5109.157,13969.526,1035.351,20572.453,2061.135,14425.128,1589.215
103,30508,5,3,8,19287.976,8549.723,15733.419,876.792,13886.914,859.696,30586.922,6907.17
104,50708,5,7,8,10452.229,5963.991,10358.027,3667.665,24207.797,12136.133,13939.834,948.442
105,20708,7,8,2,11847.488,5021.614,9718.294,938.612,8662.297,885.64,23445.781,2649.748
106,20607,7,6,2,10481.3,5707.686,7201.792,454.007,27731.674,7685.473,13266.852,1264.794
107,20610,6,2,10,11419.514,3890.852,9547.034,943.658,7950.712,1078.968,20330.354,2603.206
108,60710,6,7,10,9793.44,2501.216,10814.827,949.806,10805.621,3850.77,14480.593,1284.131
109,70910,7,10,9,12144.689,3168.08,9183.534,545.606,14925.913,1750.101,14390.249,1377.735
110,60709,7,6,9,8782.83,2810.254,7981.43,536.432,11200.661,1197.704,8797.574,928.453
111,50611,11,5,6,14122.901,2453.298,13696.301,1951,15777.085,2571.628,14593.242,1183.271
112,40506,5,6,4,23743.061,5534.047,19841.306,1199.927,24403.383,1655.742,25759.805,2999.802
113,10405,5,1,4,19483.361,4647.642,17205.701,2664.391,15791.559,3292.775,26647.403,3326.959
114,10304,1,4,3,21488.733,7045.87,15473.881,2756.53,28606.155,5786.777,19465.964,4144.163
115,10309,1,9,3,22230.66,5321.441,17906.914,3900.303,17633.606,5500.255,25256.424,3336.917
116,30709,9,3,7,18424.238,5580.251,18942.579,1327.829,33732.713,2911.001,16592.909,1919.208
117,10709,9,1,7,17086.406,8465.721,38808.508,5809.411,12155.951,1277.534,21211.335,1646.303
118,10607,1,7,6,21605.788,9167.765,13051.569,1971.216,19281.85,2237.598,13894.765,2969.373
119,10608,1,8,6,21788.52,9686.49,15826.769,3156.695,13297.036,3263.634,15637.735,3390.994
120,10608,8,6,1,28845.561,13319.369,17300.748,3667.486,20098.559,4805.609,20238.486,4515.686
121,10810,8,10,1,26479.314,9196.034,21067.964,4478.332,24755.311,2939.429,19700.273,3927.997
122,11011,10,1,11,29579.905,13942.982,19441.551,2734.501,21071.245,4895.007,17352.86,4848.503
123,31011,10,3,11,23133.314,7723.568,24091.713,2402.876,18210.728,2657.197,18060.596,3451.284
124,20311,3,11,2,19013.771,5219.094,13515.805,868.51,15645.931,1273.936,21634.116,2546.76
125,20308,3,8,2,26630.639,9339.732,15117.53,1082.011,33237.722,9553.11,26139.626,3169.163
126,20809,8,2,9,17216.882,4586.138,14318.312,1558.722,16671.335,3202.232,23439.649,3043.171
127,20809,8,2,9,16546.698,4354.798,14982.617,1319.707,21549.861,2604.035,23957.007,1950.215
128,20911,2,9,11,18745.119,5903.889,14849.229,1350.564,19004.252,3314.272,25597.631,5983.053
129,21011,2,10,11,17356.102,4279.767,14647.301,1823.221,17681.173,1418.563,25160.515,2758.241
130,61011,10,11,6,10000.166,1910.006,8613.986,745.784,11375.02,708.45,11058.911,737.639
131,60910,10,9,6,10635.514,1848.792,12225.734,1064.53,10274.313,1259.83,11987.821,573.678
132,60911,9,6,11,12627.527,3578.001,9582.252,1407.082,10586.809,984.387,16778.119,2390.926
133,60711,6,11,7,13701.731,2220.865,12625.459,655.631,14552.128,2756.212,13998.838,710.848
134,40607,6,4,7,14855.506,2224.485,15573.688,1634.206,16650.148,2825.721,14681.666,573.186
135,40710,4,7,10,22046.281,4515.598,23693.096,1475.117,17200.487,1809.09,22475.368,2540.284
136,30410,4,3,10,17529.298,5410.778,30282.439,9000.521,15775.279,2685.292,22045.283,1797.768
137,30510,3,10,5,17913.286,6604.217,15581.306,1237.976,35602.617,3789.688,16043.498,2011.313
138,30507,3,7,5,16728.479,5452.984,28585.172,2007.488,15988.351,1867.799,23918.875,1928.159
139,40507,7,5,4,13936.819,6218.839,12882.395,2128.42,29941.118,1726.338,12100.355,1760.59
140,40607,7,6,4,16043.074,4761.004,26217.957,7431.147,13470.856,1022.141,21099.318,996.438
141,40611,6,4,11,16846.11,4202.506,14703.549,1271.039,21438.786,1690,14898.744,1218.669
142,10611,6,1,11,24628.299,7753.495,24404.012,3518.812,18437.656,4031.903,21745.395,3451.293
143,10711,1,11,7,23018.972,6566.476,18114.381,1734.652,27603.819,2148.924,19503.733,4120.578
144,10711,1,11,7,25420.713,7356.398,25875.729,3105.947,17547.767,2948.991,24934.161,3818.519
145,50711,11,7,5,20495.661,7244.482,12546.677,1213.262,17716.549,1700.81,31592.627,3878.929
146,20511,11,2,5,17143.406,3795.902,20868.959,1401.777,22319.668,1693.37,23241.352,1611.885
147,20405,2,5,4,14375.03,7891.303,13344.126,7879.072,18003.196,14321.098,21339.648,1756.93
148,20409,2,9,4,13198.099,4524.136,11614.955,1217.083,16811.176,1426.294,17723.66,12317.379
149,40910,9,4,10,15415.958,7132.078,13226.67,7518.429,20807.805,13428.554,22838.282,1394.659
150,91011,9,11,10,15003.371,4312.986,9443.039,1323.427,21628.765,1143.753,20394.547,2550.017
151,91011,11,10,9,19470.067,5073.315,15289.089,2870.147,16118.147,4061.724,21313.994,2066.327
152,60911,11,6,9,5827.969,917.894,7029.313,410.488,6638.521,227.78,6137.207,621.536
153,30609,6,9,3,6674.848,1397.688,6578.715,355.55,7376.769,821.617,8714.488,2004.403
154,30611,6,11,3,15364.673,4882.214,11709.426,2236.294,22888.493,1950.488,15106.998,779.192
155,40711,11,7,4,11774.089,2333.944,10650.008,1233.183,11540.091,1732.107,13551.023,1377.445
156,30407,7,4,3,10728.637,2901.989,9927.102,655.226,15706.917,3284.462,8296.94,1050.037
157,30710,7,10,3,16566.142,3218.175,18341.872,1487.113,20470.851,1629.739,12879.002,751.854
158,30910,10,3,9,19265.813,4132.662,16664.872,2192.089,16122.072,1398.102,24505.93,2449.979
159,50910,10,5,9,19628.425,5706.124,25141.997,700.818,11884.612,2687.962,21633.065,4753.236
160,50910,5,9,10,16380.854,4749.501,10546.145,1144.869,22946.379,2641.224,17259.377,1600.84
161,40510,5,4,10,11659.225,8881.983,32693.236,17832.576,11223.677,5547.354,16375.918,2683.954
162,20410,4,10,2,17555.173,6238.068,12781.503,1540.19,29726.99,4153.72,23818.602,2419.222
163,20411,4,11,2,15095.308,2528.266,20144.842,691.766,14958.878,633.157,15751.01,1155.787
164,20511,11,2,5,16008.308,6401.684,12773.34,1877.826,28770.775,3916.76,23015.467,3195.128
165,50711,11,7,5,11616.422,3830.972,11731.378,2881.254,12654.168,2109.929,18664.039,2888.637
166,20507,7,5,2,13297.372,6060.343,9286.987,1653.52,23855.381,5791.52,20609.971,2524.852
167,20507,7,5,2,13916.175,4475.093,12305.444,1788.778,19719.067,1441.653,21059.592,2058.088
168,20508,5,2,8,15693.7,5917.047,16227.153,1692.622,14499.991,2650.101,29513.982,3377.196
169,40508,5,4,8,14757.061,11886.985,16464.002,12817.571,16988.96,1787.609,41209.157,20538.949
170,40608,4,8,6,23413.127,3991.616,22544.765,1055.526,27567.966,1460.483,28492.393,2472.868
171,40610,4,10,6,24493.142,4382.539,24934.525,1775.002,25254.074,1645.965,25911.102,1256.578
172,60810,10,6,8,21888.012,4589.003,22356.384,1097.005,23995.713,1161.437,30408.173,3107.674
173,80910,10,9,8,19329.411,4346.393,16069.816,4301.678,20729.983,633.239,23547.655,2524.955
174,80911,9,8,11,14314.064,2478.532,15664.853,1850.811,14810.282,1840.511,16105.867,1577.004
175,30911,9,3,11,10682.623,2551.218,11339.658,1638.536,10031.888,1435.24,10788.338,2676.425
176,10311,3,11,1,9255.953,3225.636,9653.286,2700.569,7396.948,1302.036,8206.764,1233.101
