Index,Combo,Species_1,Species_2,Species_3,TriMean,TriStDev,Species_1_Mean,Species_1_STDEV,Species_2_Mean,Species_2_STDEV,Species_3_Mean,Species_3_STDEV
1,50609,5,6,9,18087.337,8536.453,10988.689,3378.313,12196.267,5147.576,15034.797,8117.347
2,20509,5,2,9,11527.879,3455.827,12327.138,4252.376,11305.519,2568.288,9824.205,1777.233
3,10209,2,9,1,14500.27,5128.578,12829.613,1419.603,11392.361,1642.525,11659.137,2603.14
4,10206,2,6,1,11666.29,8245.937,11498.768,7444.924,10675.104,3500.141,14822.508,7460.081
5,10610,6,1,10,13473.369,2791.533,12645.482,1723.455,16421.089,1843.657,10196.117,880.522
6,61011,6,11,10,15732.584,7432.559,10631.214,3598.041,19239.327,5417.059,11935.253,1671.207
7,61011,11,10,6,12628.456,5942.717,16189.527,4349.946,12063.196,2416.058,6847.703,525.043
8,30611,11,3,6,11957.052,4880.47,15809.855,2641.291,8128.14,986.208,12767.911,1144.781
9,30611,3,6,11,7884.756,2793.132,6767.638,1534.603,8914.126,2490.64,7889.419,915.189
10,30411,3,4,11,3338.888,694.725,3275.254,234.255,3937.87,298.325,5241.234,551.102
11,30411,4,11,3,13466.692,5499.615,7655.349,544.985,17906.361,3502.194,15530.746,2962.115
12,20304,4,2,3,13229.526,5974.807,7473.073,2247.232,23120.91,1311.512,12962.037,2487.027
13,20304,2,3,4,14471.522,5691.844,16321.607,1553.123,19835.814,5363.991,9876.683,1003.415
14,20406,2,6,4,11181.544,3410.904,12934.201,1075.623,14727.299,2805.95,7717.784,1212.864
15,40506,6,4,5,12403.857,4381.299,15904.529,1873.428,6927.223,488.234,17536.132,2034.226
16,50610,6,10,5,4638.578,2027.048,4406.219,344.216,4750.627,753.877,5403.692,321.353
17,50810,10,5,8,10449.865,3780.674,9804.646,1057.675,10768.984,2049.205,11671.604,1580.302
18,20810,10,2,8,12494.9,2622.899,12317.899,1499.78,14589.002,757.479,12007.722,1656.567
19,20811,2,8,11,14613.901,4605.217,12767.741,2882.958,10144.117,1341.15,25171.59,2112.199
20,20311,2,3,11,11144.606,3470.147,11444.155,2141.524,11922.825,2317.863,9264.678,1931.804
21,30811,3,11,8,9404.133,3267.184,7475.801,1523.718,8632.209,1790.701,8029.389,1452.393
22,30508,3,5,8,10341.479,3923.729,7336.172,2353.716,9636.229,2083.758,8521.516,1953.665
23,40609,6,9,4,12430.355,4063.834,11509.292,2162.122,11429.848,2894.846,8636.359,1527.677
24,40609,9,4,6,9383.81,2343.156,8343.294,719.843,8402.896,1125.068,9407.505,1398.389
25,10609,9,1,6,11855.389,2994.253,11378.411,2104.451,12164.068,2385.288,10144.758,1392.272
26,10611,1,6,11,13656.619,3567.495,12944.694,944.438,12840.147,2059.011,11605.405,3170.96
27,11011,1,10,11,20475.472,5662.861,29172.399,2981.432,15506.52,3115.375,20311.128,3692.538
28,21011,10,11,2,13157.285,2555.966,13245.378,1130.559,11211.032,1371.484,14911.81,1270.321
29,20610,10,6,2,17556.794,3703.007,20214.239,2047.886,20239.243,2187.991,14135.215,2579.425
30,20607,6,2,7,18015.299,3988.871,22081.629,1470.127,15993.513,1978.047,12300.506,2174.996
31,60711,6,11,7,16769.179,4387.066,23170.867,2351.873,14871.747,2070.123,13455.534,2156.704
32,20711,11,7,2,17293.37,4177.614,13147.03,1298.441,16260.492,1995.778,17575.714,5343.497
33,20311,11,3,2,16130.332,4147.622,15066.425,5031.244,19195.885,9397.299,15299.098,1243.272
34,20310,3,2,10,17346.971,3926.229,14053.69,1109.438,23181.564,1731.217,14542.818,4813.035
35,30410,3,4,10,13926.201,5725.325,17511.596,3407.195,9207.273,3479.229,19039.896,2359.856
36,40910,4,10,9,14091.274,8702.885,5803.506,339.88,16152.395,1968.603,18328.42,6627.966
37,40509,4,5,9,9921.79,3638.51,7499.055,597.67,10742.023,1091.937,12034.34,942.755
38,50911,5,9,11,11659.88,3072.836,9363.164,765.677,11345.315,1942.569,16771.865,5795.955
39,50811,5,8,11,13237.113,3922.029,8424.839,1569.604,16852.929,2645.929,11542.57,1917.883
40,50811,8,11,5,11511.997,2539.626,9895.012,911.063,11710.084,1511.98,12378.512,2150.712
41,50811,8,11,5,10600.498,2592.985,9167.216,1042.685,14683.171,5241.746,9825.2,878.526
42,40511,11,5,4,8229.385,2251.574,7769.648,1203.239,7683.624,976.827,8315.069,935.174
43,40811,11,8,4,8924.24,2856.565,7808.912,1184.638,10748.835,750.785,7698.909,746.97
44,30408,8,4,3,13676.439,5998.57,8416.881,2527.434,8377.689,2494.636,15603.513,6120.441
45,40611,4,6,11,12347.326,5987.905,7216.183,1670.591,8187.536,1837.899,14320.129,4164.368
46,40611,4,6,11,6444.902,1162.506,6390.59,1023.872,6253.637,295.037,7437.654,705.274
47,60711,6,11,7,11396.981,3761.531,8141.133,891.985,13862.043,3354.406,9617.949,2055.16
48,60711,6,11,7,11471.583,2544.406,11434.168,3124.269,10956.774,1165.157,11510.291,790.056
49,30711,11,7,3,11156.616,3401.523,9055.742,1558.101,11424.022,2350.817,11590.989,3385.172
50,20311,11,2,3,12862.884,2276.432,12060.384,2536.91,11734.253,1421.236,15752.814,742.359
51,20305,2,3,5,13443.112,4057.856,11162.582,1265.605,22730.619,2350.46,11958.512,791.952
52,20507,2,7,5,14741.839,3382.228,15508.871,1580.088,13373.227,1667.127,12759.102,1734.474
53,50709,7,5,9,13594.76,5350.786,8607.131,849.799,27231.942,3343.208,12068.532,1531.578
54,20709,7,2,9,15306.586,4739.116,14522.515,3074.393,9211.851,1072.115,17373.886,2255.484
55,20911,2,9,11,14707.54,5632.25,10076.699,821.903,28840.837,7158.647,15244.193,808.724
56,21011,2,10,11,14833.685,6505.364,28246.184,5164.203,12360.951,555.38,27972.961,5672.882
57,31011,10,11,3,13517.137,4636.021,10491.336,3658.018,22146.67,6778.981,18882.938,1852.721
58,30910,10,9,3,15179.593,8482.607,19686.526,3052.873,13235.793,1317.875,33522.819,8370.405
59,10309,9,3,1,14645.422,5445.626,14067.059,2331.803,22799.717,5762.512,21704.859,2290.621
60,10911,9,11,1,13218.45,4679.842,11807.388,2105.233,16056.274,1504.056,24560.228,6234.134
61,10311,11,1,3,14803.585,5206.891,9353.085,1650.465,20895.208,2174.747,21353.59,2213.052
62,30511,11,5,3,12509.691,2908.367,10538.682,1530.679,16597.646,1757.559,12448.822,4017.386
63,20305,5,3,2,10886.608,3623.947,8656.379,351.508,8674.904,2027.066,11786.533,1434.948
64,20405,5,4,2,11464.608,3199.075,7274.944,450.862,16372.104,2458.53,15458.469,2476.744
65,20410,4,2,10,10257.51,3666.356,6829.821,714.388,9712.449,2327.384,10150.651,1951.618
66,30410,4,3,10,9747.609,3938.503,5922.35,400.474,8621.591,4233.332,10934.807,1973.186
67,20611,6,11,2,19105.935,7214.293,10947.533,3993.539,18622.341,4457.765,17030.715,7063.884
68,20311,11,2,3,17084.614,6353.555,16990.976,3691.844,12031.118,4129.653,17584.779,6322.544
69,30711,11,7,3,10797.544,2662.106,10582.852,2133.918,9951.025,2035.494,9493.219,2125.273
70,30708,7,3,8,11345.01,3934.599,7799.184,773.907,20876.157,2184.949,9363.958,1877.772
71,30708,7,3,8,11613.494,4822.284,12921.945,4637.194,11970.38,2343.182,9845.61,2955.625
72,30408,3,8,4,8389.391,2754.28,10669.492,3914.005,9677.243,1238.566,6279.085,842.604
73,30405,3,5,4,8481.825,3628.688,8344.665,1501.858,7214.55,524.778,8306.227,1870.421
74,40511,5,4,11,9688.148,4886.712,6934.402,599.424,5988.265,1297.817,21732.148,3853.449
75,50911,5,9,11,11086.02,2716.225,10417.507,2229.442,9924.934,946.509,17856.528,2299.066
76,60911,9,11,6,11619.208,3976.406,8756.881,833.266,13038.34,3198.705,16331.923,3872.532
77,60911,9,11,6,11005.407,4063.364,8971.68,1366.37,9746.024,1223.239,16135.016,5053.654
78,20611,11,6,2,12236.713,5298.737,9616.741,2427.303,7513.447,1736.879,16407.266,3421.55
79,20311,11,3,2,14061.194,4621.35,15838.369,6746.093,12921.686,4636.3,23298.316,2759.016
80,20309,3,2,9,13552.374,5350.347,8159.586,1308.751,16734.831,5344.664,23105.486,3165.303
81,10309,3,1,9,11216.879,6737.449,11596.141,6319.276,9860.583,952.381,10753.539,3058.167
82,10709,1,9,7,15015.716,8444.957,15134.448,3463.569,37340.53,5861.383,23093.539,6848.491
83,10307,1,3,7,11701.011,4995.759,10602.885,1536.919,11238.358,2562.969,16798.293,7317.271
84,30709,3,7,9,10437.574,3644.083,7664.033,860.661,8663.174,1938.763,11357.698,1740.773
85,20309,3,2,9,11523.506,4556.787,7202.252,1811.669,15893.562,3133.164,11388.373,4316.531
86,20911,2,9,11,12750.262,5121.021,8914.436,1829.506,9226.533,2599.405,16911.949,2668.855
87,21011,2,10,11,13035.481,4693.833,9235.737,2580.813,12288.539,3202.617,10378.87,2363.135
88,51011,10,11,5,11290.971,4255.246,9562.178,3264.591,7552.526,2233.252,10740.256,2249.276
