2020302 Triculture Size Diffusion Experiemnt																		
Image	ROI	Data																
t01c1	1	2195	1844	1528	1309	1140	937	889	799	768	754	665	875					
t01c1	2	1420.0773	1159.8376	1068.3167	930.5882	904.9275	820.6803	764.824	767.3674	644.753	668.7224	631.8196	631.8342					
t01c1	3	2554.7602	2107.1584	1785.5075	1357.124	1056.8588	970.1437	818.4131	744.4538	732.413	766.176	769.6099						
t01c1	4	3151.9407	2760.6999	2392.0949	1880.871	1593.5229	1258.0763	967.5349	854.8903	785.0114	1024.1985							
t01c1	5	2538.8765	2094.155	1671.8108	1408.7845	1143.0137	978.2254	808.3146	771.5131	741.1196	815.0156							
t01c1	6	1734.4543	1529.6346	1489.1674	1304.4714	1179.7272	1062.0909	916.341	790.1739	759.3034	735.449	755.8965	895.4485					
t01c1	7	2725.7821	2185.9828	1833.5422	1544.2013	1403	1255.2199	1146.1984	1107.8135	1047.5237	968.0625	894.7275	881.9156	814.7325	784.5233	867.2744		
t01c1	8	2577.0033	2073.5443	1742.0495	1559.9015	1329.1504	1242.6367	1135.2475	1164.6712	1069.703	1035.6448	1008.4366	980.6395	929.3318	899.8954	722.3863		
t01c1	9	2852.1041	2369.4255	1956.6218	1520.8474	1378.3137	1229.9196	1136.4895	1046.0225	974.9962	897.0981	841.0599	764.5334	719.4314				
t01c1	10	4016.5559	3193.7451	2598.6893	2093.1221	1681.3811	1290.1531	1123.3153	995.4313	869.9363	800.4989	776.7894	1004.0081					
t01c1	11	2773.9773	2393.7939	1955.4331	1530.9718	1310.5169	1083.3871	877.4553	834.1809	780.5036	857.2195	772.4974	758.9831	815.1139				
t01c1	12	2830.7287	2165.9898	1714.1598	1836.3322	1193.567	1163.1703	929.7222	955.214	902.3641	844.1517	804.7614	823.4822	835.8344	1027.3816			
t01c1	13	3033	2518	2150	1850	1748	1495	1583	1504	1357	1431	1381	1336	1270	1050	959	766	
t01c1	14	2112.34	1625.3518	1397.6799	1208.0704	1046.0106	1003.5655	944.7777	865.9048	897.7904	818.6644	929.3307	836.3815	827.132	780.2979	797.1316	679.6177	
t01c1	15	2152.4583	1661.3351	1321.8893	1083.3186	944.0471	788.6729	726.3039	718.608	712.7683	645.4363	661.8611	633.4883	650.035	633.3103	632.094		
t01c1	16	3017.2329	2486.148	2141.9459	1900.8478	1601.9478	1430.9434	1241.0498	1269.4787	1149.3339	1101.2056	1041.2205	998.9959	989.2162	912.6641			
t01c1	17	2814.508	2341.0353	2160.9883	1617.9436	1334.7789	1101.959	852.3587	782.643	781.3874	747.2377	647.6936	553.7809	612.3243	633.894	522.5845		
t01c1	18	3055.6116	2497.7749	2067.618	1794.5514	1405.5293	1178.2679	1041.5367	949.9277	825.6851	781.5906	737.7918	670.9031	573.1046	615.2957	644.4288		
t01c1	19	1982.2452	1677.6109	1588.0363	1464.06	1468.3026	1394.952	1341.3252	1451.0624	1446.7737	1451.5717	1362.7858	1289.938	1079.0067	973.7181	857.4405	731.667	499.1563
t01c1	20	2024.4554	1779.8045	1621.2114	1621.4593	1580.5101	1583.6902	1513.1933	1561.6013	1636.335	1628.7073	1680.8142	1557.7721	1447.4345	1282.5866	1166.3751	979.5647	803.2098
t01c1	21	1638.6513	1468.2326	1399.3827	1262.6743	1153.9136	1149.9604	1112.7497	1075.8602	1059.4372	1009.3278	998.4378	945.1844	803.1394	786.3516	686.4157	644.3284	
t01c1	22	3514.969	2736.9313	2293.9149	1891.0958	1635.5855	1530.2963	1266.1882	1268.6223	1241.3087	1072.5662	1038.3652	986.2727	932.8761	900.8641	701.2008		
t01c1	23	2182.4654	1859.1918	1588.1133	1414.2141	1142.4136	1082.119	1028.5697	968.454	885.1718	864.0449	808.2961	737.6756	819.0564	765.6686	772.8716	745.9372	
t01c1	24	2405.3482	2073.7637	1609.4436	1448.761	1286.1246	1302.2967	1221.4221	1192.8806	1212.1518	1172.2812	1136.2494	1162.8321	1063.7163	1037.1878	1057.1497	993.8228	814.0802
t02c1	1	3297	2743	2236	1760	1321	1034	913	853	871	753	571	773					
t02c1	2	2926.7901	2233.0033	1744.2793	1325.0861	1079.365	941.6287	818.1007	794.5585	747.672	733.1913	641.4682	579.3411					
t02c1	3	3881.6667	2929.0085	2210.0786	1718.2157	1380.5408	1034.5026	912.9844	820.2847	740.9181	726.7138	741.1064						
t02c1	4	5050.5965	4173.2244	3168.5009	2400.8869	1760.0789	1434.0021	1096.6576	932.6709	812.918	1057.2164							
t02c1	5	3630.9986	3037.177	2353.4839	1823.1456	1398.3499	1163.0363	982.8711	809.0943	772.8965	840.4877							
t02c1	6	3504.2325	2950.8654	2477.2807	1852.4141	1638.8869	1338.2218	1002.4491	881.5482	833.7341	764.5951	679.0516	887.7639					
t02c1	7	4762.5026	3723.2019	2883.2968	2462.6182	1871.4512	1560.1229	1280.5027	1174.8025	1083.2363	1067.3232	892.576	863.9681	890.2426	755.435	756.2158		
t02c1	8	4621.954	3560.2697	2941.146	2277.5677	1846.8298	1554.4853	1307.8323	1224.7221	1111.056	1106.8899	1015.0762	976.8508	996.1275	872.7217	727.8615		
t02c1	9	4482.3142	3477.5561	2580.7779	2183.6985	1590.0491	1355.4368	1182.0259	1061.7921	1001.5669	895.7763	813.9387	808.4258	724.6705				
t02c1	10	5610.7659	4422.376	3519.538	2559.042	2008.5456	1509.77	1313.5957	1114.4238	908.7725	827.8409	794.1493	907.5422					
t02c1	11	4292.3309	3433.5457	2671.7242	2212.7047	1642.2499	1188.4129	1049.2677	974.0759	849.8586	847.6941	827.8551	716.7974	917.9193				
t02c1	12	4760.3248	3690.7276	2831.0554	2523.7813	1720.2527	1403.4223	1127.4785	980.785	984.8671	906.7323	846.1735	873.7877	814.2378	906.6268			
t02c1	13	5180	4069	3396	2684	2218	1855	1582	1526	1368	1313	1257	1257	1140	1053	863	684	
t02c1	14	4610.0793	3274.2139	2633.7089	2035.4763	1650.0279	1421.6958	1153.1725	1063.0425	996.7697	887.2916	905.8054	890.2014	803.8082	799.6153	764.1002	685.9014	
t02c1	15	3857.991	2834.1501	2250.6024	1690.2387	1335.3368	1098.2468	919.8939	858.8166	776.0862	734.1499	689.9156	673.9531	637.1636	652.42	636.5178		
t02c1	16	5131.168	3970.127	3265.7605	2503.0294	2180.8037	1691.2049	1488.5303	1325.3979	1181.9676	1068.6916	1037.2529	968.0715	964.4947	905.0498			
t02c1	17	4680.9095	3612.117	2905.9486	2110.251	1683.9911	1323.0149	1070.871	912.4947	787.7585	736.4194	659.4373	613.5955	605.9267	610.2067	516.199		
t02c1	18	4689.8686	3759.2281	2960.5684	2311.7955	1784.4823	1376.5431	1162.8952	996.9926	881.7064	789.4687	717.4148	660.0898	659.4951	643.1189	631.6035		
t02c1	19	4700.6565	3874.4096	3126.9363	2653.3995	2085.35	1870.3868	1665.8348	1606.7626	1445.5828	1468.3725	1353.6892	1200.716	1073.4432	921.2818	832.7243	681.1896	474.2095
t02c1	20	4545.0587	3539.5792	2864.1913	2432.0923	2083.1083	1904.4192	1687.2075	1618.6602	1669.4887	1577.7069	1626.4492	1492.4649	1374.8709	1226.0809	1109.1853	927.9094	785.9991
t02c1	21	3886.4837	3277.7908	2633.8949	2127.6076	1771.6156	1534.0343	1338.2195	1156.2448	1162.1121	1130.4666	1002.4597	873.0312	821.3193	795.4615	734.1738	661.1431	
t02c1	22	5880.1203	4734.3192	3862.0699	3060.918	2515.279	1961.1265	1596.9306	1430.8721	1210.7642	1150.559	1110.5612	1069.8761	987.3193	932.3797	754.938		
t02c1	23	4272.402	3295.8637	2606.01	2100.7566	1712.0686	1421.0568	1305.5795	1113.8434	968.1156	946.292	927.6069	864.7044	854.0933	743.2533	809.4419	775.9642	
t02c1	24	4958.5639	4150.2171	3069.6221	2444.8262	2019.9066	1651.1572	1551.6489	1428.7482	1297.115	1212.115	1159.2519	1218.9783	1140.8758	1121.8426	1089.0229	987.261	838.2442
t03c1	1	4334	3444	2778	2369	1771	1539	1199	1086	893	865	754	825					
t03c1	2	4039.4645	3288.2732	2735.962	2057.0535	1734.6231	1461.4216	1121.9533	1002.5071	827.0302	800.4998	723.2708	617.9065					
t03c1	3	5130.6316	4196.8716	3226.8539	2513.069	2092.0969	1599.2791	1283.4398	1085.9159	931.9494	821.8086	742.2496						
t03c1	4	6341.2382	5315.6046	4432.4984	3308.5777	2614.5191	2097.718	1524.5746	1325.6611	1022.886	1247.8847							
t03c1	5	4437.2325	3792.9157	3060.4454	2499.6445	2084.7548	1697.4434	1321.3151	1144.0268	987.1109	982.6554							
t03c1	6	4356.1409	3940.0175	3163.8166	2684.7253	2299.7012	1897.8844	1495.5153	1180.2544	1044.0893	916.5649	915.4327	981.1552					
t03c1	7	6034.3931	4999.9499	4081.1178	3384.5676	2758.4844	2181.3378	1854.9874	1562.3424	1403.0472	1183.1279	1073.1717	989.5947	894.9145	827.2778	806.947		
t03c1	8	5996.5701	5007.9627	4155.8789	3409.7364	2803.5262	2270.5229	2002.2423	1736.4838	1402.9772	1341.7953	1129.7353	1108.4287	1046.054	979.1389	771.2789		
t03c1	9	5842.9708	4932.3691	3840.6692	3063.1131	2423.437	2055.8263	1689.5105	1362.3881	1224.6822	1022.4549	980.7436	874.9632	730.1033				
t03c1	10	6976.8196	5828.8213	4559.5681	3592.9248	2868.1576	2200.3171	1744.5193	1296.7935	1135.1322	974.103	865.5256	971.3104					
t03c1	11	5354.7708	4555.2048	3578.6618	2881.3314	2440.6127	2028.7343	1548.926	1257.4291	1155.7743	975.1973	938.6557	833.921	964.9388				
t03c1	12	6000.7926	5006.36	3906.5103	3244.8194	2519.419	2176.1165	1705.4525	1536.6055	1302.7182	1113.3556	1052.5299	902.3849	904.9349	971.3854			
t03c1	13	6695	5485	4742	3781	3079	2725	2358	1943	1759	1606	1464	1242	1220	1079	856	722	
t03c1	14	6359.1494	4998.172	3969.1655	3252.2617	2747.6296	2260.6967	2032.1133	1697.3653	1404.9536	1272.8981	1135.2365	1024.7703	953.7949	817.2797	818.9184	762.2457	
t03c1	15	5008.7091	4089.3204	3325.6515	2717.884	2248.5043	1813.1111	1554.7089	1284.6736	1109.353	973.0571	921.1439	841.918	743.6733	668.5737	682.2542		
t03c1	16	6941.918	5507.0263	4441.1707	3724.4695	3011.2564	2519.3597	2177.4385	1829.7157	1561.5088	1363.6557	1196.3237	1106.4886	977.5652	935.9922			
t03c1	17	6203.0158	4900.8201	3978.996	3093.3123	2428.3891	1938.9629	1494.0355	1268.8746	1063.7624	958.0569	845.3953	699.638	714.3179	647.2794	578.5084		
t03c1	18	5899.5024	4945.6376	3967.3381	3306.8684	2562.4407	1949.343	1559.2615	1377.9358	1145.4731	981.0609	851.4202	774.2536	679.8121	685.0881	646.3221		
t03c1	19	6501.6014	5317.5991	4501.768	4076.9296	3134.0787	2737.6322	2418.7392	2105.8727	1892.8451	1744.0871	1479.7429	1361.3504	1185.649	996.0385	892.7823	722.1872	526.9683
t03c1	20	6559.9306	5381.1594	4560.8129	4163.5342	3397.5342	2827.1555	2446.3393	2337.8321	2140.3756	2100.9658	1875.8085	1644.9263	1518.9495	1356.8638	1152.2782	1017.0352	813.2912
t03c1	21	5552.9078	4902.5503	4246.4951	3573.8039	2855.081	2512.6863	2049.0422	1724.7246	1529.736	1425.0203	1222.6306	1010.7548	900.287	850.0703	750.0703	659.0037	
t03c1	22	7477.2733	6121.0914	5372.3479	4383.5756	3462.9968	2826.8144	2343.0044	1979.4331	1684.7158	1516.9443	1329.4519	1171.4454	1035.9988	984.8594	728.2797		
t03c1	23	5664.1587	4676.0784	3666.9273	3288.0213	2579.7004	2157.2161	1853.9474	1587.0681	1347.4167	1221.3096	1060.9213	963.631	920.4674	815.3902	794.4937	817.156	
t03c1	24	6478.2473	5787.8896	4508.2736	3767.1512	3135.7568	2732.9261	2299.0502	1988.6157	1805.6636	1571.791	1435.0038	1255.5754	1248.0278	1173.2828	1105.1944	1032.1086	871.2119
t04c1	1	4369	3925	3186	2636	2201	1856	1611	1364	1128	1008	825	919					
t04c1	2	4753.25	3937.7233	3412.6924	2634.0066	2141.0673	1818.2026	1593.6097	1376.4565	1141.8177	932.2008	873.606	781.2617					
t04c1	3	5753.16	4941.6203	3927.3073	3231.9541	2633.094	2052.5249	1699.4754	1385.0679	1213.6042	1060.0725	1122.87						
t04c1	4	6934.0186	5963.2267	5067.5317	4020.215	3185.9715	2614.9815	2058.0894	1651.4617	1375.8737	1479.0596							
t04c1	5	4720.0537	4252.9941	3643.9308	3112.615	2488.2197	2122.2865	1776.4737	1520.9957	1378.4448	1408.6401							
t04c1	6	4822.393	4313.3418	3730.8964	3157.6609	2835.3977	2448.2354	1833.2733	1596.3778	1353.5289	1257.9815	1129.7475	1233.8224					
t04c1	7	6551.8504	5685.0312	4706.3698	4065.3884	3293.6445	2733.3485	2369.3777	2056.3105	1760.3495	1517.1934	1235.1631	1122.4252	1068.6845	948.3033	950.2966		
t04c1	8	7060.2309	5858.4275	5048.8078	4297.4009	3598.4426	3015.1409	2566.7221	2138.3506	1908.8199	1646.9718	1469.358	1312.2467	1194.4808	1077.1416	857.2938		
t04c1	9	6706.1591	5640.0518	4797.0893	3921.165	3194.3271	2681.3955	2266.8472	1894.5618	1568.9335	1293.2581	1161.6351	1022.3775	842.8432				
t04c1	10	7718.4958	6538.7363	5333.3203	4406.1992	3484.6148	2770.6641	2246.352	1707.9256	1522.7555	1266.2376	1047.9538	1124.7925					
t04c1	11	5775.0847	4950.0358	4210.7923	3456.3529	2916.0829	2338.794	2059.6008	1776.7938	1496.6927	1341.4128	1169.8153	1061.181	1108.3055				
t04c1	12	6393.2285	5518.5957	4586.4736	3728.3276	3190.7357	2573.7129	2257.3039	1995.7551	1683.5357	1447.4306	1263.351	1169.5475	1079.0159	1120.6937			
t04c1	13	7545	6476	5344	4490	3822	3186	2861	2456	2107	1988	1686	1521	1365	1110	960	780	
t04c1	14	7114.3052	5901.6838	5017.2958	4156.08	3632.3494	2913.4422	2669.9272	2298.4016	1980.9418	1674.6966	1492.2467	1385.0277	1177.0013	1044.6335	953.8311	820.4335	
t04c1	15	5681.5088	4845.9527	4064.3654	3443.2848	2925.4699	2520.5496	2179.6198	1905.031	1544.3596	1418.0782	1196.9022	1079.8345	997.4228	900.54	771.7145		
t04c1	16	7636.8248	6438.7725	5510.0254	4673.6504	3947.2604	3213.1527	2620.2886	2359.6014	1969.6763	1730.3182	1517.7791	1313.5863	1229.319	1043.2178			
t04c1	17	6771.1934	5727.3153	4836.8563	3863.2706	3113.6559	2551.7232	2046.9264	1691.755	1439.2509	1297.2297	1120.9402	936.5729	884.8743	872.6109	612.1944		
t04c1	18	6640.822	5613.9893	4705.1675	3877.5536	3056.9715	2582.5201	2064.9611	1775.9001	1401.1399	1257.9467	1079.5502	934.3662	785.879	767.9778	709.1343		
t04c1	19	7454.3384	6241.8165	5529.3873	4881.2112	3983.274	3606.5439	2868.1633	2582.0512	2342.1504	2138.2076	1872.7642	1550.0299	1243.6679	1075.8019	935.4095	789.4219	531.0875
t04c1	20	7810.7413	6665.0942	5809.8286	5200.7444	4762.9551	3934.7383	3223.982	2862.292	2659.3482	2497.368	2225.5104	1945.177	1684.625	1449.4894	1297.7027	1090.7648	819.9377
t04c1	21	6677.7738	5866.8615	5316.354	4700.7926	3911.614	3372.9356	2859.6675	2411.6081	2188.0213	1859.7039	1601.1093	1357.3159	1107.8477	1015.8696	872.0335	704.4585	
t04c1	22	8395.8664	7167.0681	6340.3535	5295.3081	4338.4205	3501.3733	2977.7605	2652.8893	2234.2076	1898.5043	1682.1556	1373.5162	1214.4429	1196.8404	904.9188		
t04c1	23	6493.9753	5403.5863	4386.8098	3952.9271	3355.6897	2906.0325	2506.2169	2189.3993	1778.9657	1598.7285	1367.6123	1145.1823	1119.4308	1009.2997	939.4341	868.0742	
t04c1	24	7286.3655	6702.4476	5803.4976	4785.0506	4186.9313	3456.8786	3091.5373	2698.7737	2316.1153	2067.8567	1858.5079	1674.75	1438.6467	1359.265	1245.5117	1098.0583	911.1737
t05c1	1	4629	4186	3407	3007	2319	2033	1809	1552	1376	1259	1007	1119					
t05c1	2	4984.1505	4332.2999	3700.6076	3059.3932	2559.7737	2098.7804	1910.5343	1662.4659	1336.9182	1189.3277	1059.514	1054.5162					
t05c1	3	6216.243	5450.3458	4386.0579	3612.6149	3093.4493	2547.4031	2114.869	1781.3879	1455.248	1237.6471	1455.7674						
t05c1	4	7361.7019	6448.4132	5463.6224	4496.507	3772.8113	3153.5966	2447.5151	2111.87	1783.967	1855.7641							
t05c1	5	5059.0929	4445.3049	3934.1045	3427.229	2893.5655	2516.8268	2124.4301	1823.6785	1711.2556	1709.2968							
t05c1	6	4995.3401	4591.8996	4134.3388	3472.4177	3107.4712	2643.8298	2130.4725	1912.4521	1666.8762	1591.7078	1431.5481	1530.7034					
t05c1	7	7153.8297	6095.0561	5154.5084	4507.8695	3860.5166	3265.9227	2837.84	2312.6509	2144.3901	1825.1631	1546.1407	1413.7214	1218.3393	1078.4723	1068.785		
t05c1	8	7366.2355	6534.8207	5786.6238	4801.1782	4214.4131	3541.3133	3133.2478	2702.3713	2287.2242	2085.9163	1760.4446	1605.3889	1459.7736	1241.0652	1000.3393		
t05c1	9	7351.0997	6589.9754	5400.2259	4562.3173	3747.1844	3201.6626	2778.9692	2369.9033	1969.3648	1684.4704	1394.3374	1174.7335	977.1471				
t05c1	10	8295.5566	7059.1582	5796.4349	4802.042	3900.4783	3219.1829	2663.4877	2214.6658	1841.4608	1519.9036	1318.6423	1414.9282					
t05c1	11	6070.5941	5473.5618	4696.3975	3806.876	3410.9135	2854.8702	2487.7913	2113.8987	1822.6595	1606.4281	1448.6486	1301.153	1359.0506				
t05c1	12	6957.9615	5879.0857	5112.6127	4059.0374	3696.9037	3178.3364	2602.1051	2462.6626	1986.9927	1739.338	1479.4643	1435.2326	1249.6419	1282.2861			
t05c1	13	8027	6759	6086	5022	4390	3680	3322	2830	2371	2183	1896	1713	1589	1308	1129	832	
t05c1	14	7685.4266	6334.8167	5494.7587	4641.3546	4141.8427	3685.8071	3185.2707	2852.1646	2406.649	2207.5923	1895.158	1720.3236	1470.9302	1256.1174	1071.4711	940.7642	
t05c1	15	6238.1109	5308.7078	4671.8956	4042.033	3563.8651	3076.8906	2712.3091	2326.7962	2047.9236	1840.1712	1619.6716	1432.7925	1134.2829	1078.4411	898.1215		
t05c1	16	8406.097	7092.1878	6082.755	5225.222	4454.7526	3878.4436	3352.6694	2910.0741	2516.06	2129.1913	1897.117	1679.4509	1488.0654	1285.3779			
t05c1	17	7051.0132	6303.7491	5300.0518	4353.4923	3741.1013	2987.7005	2500.0863	2127.7922	1785.81	1679.8174	1461.996	1211.4709	1128.3708	1044.0697	798.355		
t05c1	18	7095.3922	6005.7311	5149.5436	4390.6868	3580.0452	3005.9339	2440.7991	2127.9911	1836.2956	1534.4529	1264.8777	1129.272	1029.3569	921.4816	848.9874		
t05c1	19	7970.3837	6858.4826	6141.0558	5521.6412	4602.3281	4225.7866	3432.4422	3152.347	2874.0437	2594.73	2229.0812	1805.3994	1540.3698	1256.9957	1116.0225	853.9437	707.1674
t05c1	20	8450.4494	7402.645	6711.1547	6190.1898	5639.2041	4811.9336	4126.3715	3814.0662	3353.7804	3206.6689	2742.1239	2318.6521	2008.2766	1731.8469	1435.3719	1203.8631	920.3339
t05c1	21	7328.5959	6693.9936	6008.7194	5441.1849	4681.883	4044.451	3444.4567	3145.2757	2683.3641	2392.8489	1992.1051	1708.1725	1413.0666	1238.844	1060.1695	844.9305	
t05c1	22	8994.1105	7944.0981	7055.0347	6019.0681	5123.1949	4140.019	3546.4794	3175.3534	2653.8465	2331.2497	1989.8165	1734.6589	1431.4089	1357.5138	995.6657		
t05c1	23	6958.871	5846.7725	4960.883	4432.1819	3790.7468	3312.1891	2925.8654	2605.3799	2289.0638	1965.8906	1710.8654	1460.2259	1351.1208	1276.0357	1153.0645	1065.9485	
t05c1	24	7720.037	7307.3945	6241.0238	5459.6496	4842.3121	4178.2565	3660.1783	3230.8468	2907.1903	2497.464	2360.6032	2047.4735	1826.3051	1618.8751	1507.6556	1274.6086	1019.4761
t06c1	1	4889	4333	3703	3116	2581	2312	2026	1842	1586	1373	1235	1252					
t06c1	2	5154.5715	4558.4341	3966.081	3281.8975	2814.6135	2379.0991	2159.0779	1839.788	1626.7496	1378.7106	1231.2494	1352.0756					
t06c1	3	6186.0299	5666.1634	4735.0688	3952.5074	3357.4265	2870.8307	2456.5031	2104.7474	1710.775	1583.6487	1830.3537						
t06c1	4	7402.8311	6692.9998	5924.0125	4885.5133	4183.4854	3530.7175	2944.4683	2553.8259	2272.6036	2237.939							
t06c1	5	5151.3089	4777.3362	4164.4436	3670.0329	3261.3472	2880.2234	2545.086	2287.7352	2059.599	2031.3144							
t06c1	6	5093.1293	4726.4905	4166.5814	3805.6181	3398.9876	2913.2005	2389.1585	2172.2292	1950.7721	1837.8279	1715.7749	1754.3103					
t06c1	7	7195.7192	6253.4071	5462.0573	4773.5537	4217.0806	3572.6569	3164.942	2652.5895	2397.1116	2092.127	1781.1122	1681.2803	1380.367	1227.3839	1085.9074		
t06c1	8	7643.6284	6775.2579	5973.4631	5478.6422	4687.3177	3979.0825	3447.6737	3019.0506	2675.4859	2426.4545	2003.274	1954.3287	1690.1811	1484.884	1143.2053		
t06c1	9	7770.6575	6829.449	5802.4623	5027.0989	4281.0002	3654.0642	3242.7598	2671.3033	2361.0678	2018.0381	1634.282	1444.3839	1177.3093				
t06c1	10	8293.6726	7450.0068	6264.1831	5233.2861	4475.5586	3698.4192	3096.6459	2489.2003	2190.0133	1843.4636	1552.8399	1775.3501					
t06c1	11	6272.9243	5610.4409	4904.7146	4361.1243	3708.9888	3100.5593	2823.2141	2397.3442	2179.5229	1978.3946	1756.4308	1575.6606	1572.3037				
t06c1	12	7139.2044	6219.4516	5264.6177	4531.0308	3955.1073	3479.7109	3092.7472	2748.3308	2351.3726	2102.1539	1842.6407	1715.3818	1571.8637	1488.7091			
t06c1	13	7915	7185	6369	5445	4813	4247	3571	3186	2862	2546	2123	2111	1761	1484	1252	1019	
t06c1	14	8026.7813	6908.8055	5958.1856	5213.1895	4616.3666	4082.8483	3677.045	3299.9047	2838.1913	2551.7693	2265.1256	2060.094	1781.3285	1611.0793	1310.1004	1103.6873	
t06c1	15	6506.7538	5703.1732	4956.0493	4395.5735	3932.4812	3491.3123	3133.9262	2828.218	2527.7922	2208.9623	1912.9931	1694.3813	1497.2415	1285.2877	1136.3777		
t06c1	16	8866.824	7544.1527	6710.3845	5834.4445	5139.3991	4495.3025	3762.5327	3318.5122	2948.3076	2600.9195	2377.9021	1995.3762	1814.3131	1566.084			
t06c1	17	7472.9624	6401.1563	5662.3834	4727.2351	4070.49	3384.2651	2802.1464	2535.8131	2212.3334	2045.3382	1800.1847	1483.0251	1392.5228	1292.1222	972.6091		
t06c1	18	7001.0901	6272.5592	5395.1424	4778.0786	3933.0058	3378.4452	2742.9897	2471.1188	2098.6388	1767.6076	1530.9701	1341.9089	1154.7308	1168.2495	1019.3072		
t06c1	19	8225.5515	7221.9353	6714.3483	6202.3775	5262.0994	4621.9846	4112.745	3698.2326	3343.5142	2968.1645	2466.5015	2090.7211	1791.8752	1509.9002	1240.633	1079.0847	811.4909
t06c1	20	8946.1663	7997.686	7299.4342	6588.5103	6232.7886	5392.8851	4696.9611	4335.4233	3987.5021	3689.8549	3257.4718	2674.6431	2295.8357	1983.7312	1660.5914	1375.2753	1006.3308
t06c1	21	7831.5314	7114.4037	6520.606	6110.2296	5157.2049	4702.9462	4185.8972	3643.9652	3233.2836	2754.4927	2397.3745	2021.4807	1735.0668	1489.7391	1254.4973	1033.7622	
t06c1	22	9250.8703	8245.8964	7272.9336	6330.847	5614.9652	4604.5259	4061.0442	3631.212	3120.3525	2651.7825	2363.0814	2069.7051	1774.5132	1598.8252	1194.8733		
t06c1	23	7057.9414	6223.3675	5223.2658	4992.242	4328.2507	3816.7116	3383.5951	2951.4885	2603.7688	2384.2891	1971.3945	1772.8127	1659.4259	1540.4454	1389.1567	1253.9366	
t06c1	24	7966.134	7741.2837	6785.3352	5943.2605	5229.3995	4689.9644	4232.5533	3592.1755	3261.6482	2970.8495	2654.9574	2396.4914	2217.6174	1864.3	1657.8927	1520.5359	1172.9264
t07c1	1	4962	4258	3778	3263	2778	2426	2098	2045	1823	1483	1375	1364					
t07c1	2	5255.2801	4722.9185	4157.411	3433.7311	3036.6066	2619.9729	2381.6621	2138.9756	1856.0073	1501.9723	1457.1682	1877.0795					
t07c1	3	6473.5364	5884.1808	4839.4049	4124.0635	3791.1578	3137.0472	2639.7016	2426.4021	2054.9245	1843.5468	2132.8379						
t07c1	4	7479.3196	6823.8958	5989.2531	5110.9292	4575.5196	3975.3286	3120.1809	2926.108	2421.2764	2552.7798							
t07c1	5	5203.2543	4872.1312	4357.827	3868.1575	3459.5202	3149.6229	2841.0503	2511.7316	2408.6319	2442.3109							
t07c1	6	5197.0234	4876.6995	4300.5462	3839.1123	3495.8433	3203.4953	2591.0089	2250.4393	2220.969	2129.3967	1910.668	2044.5568					
t07c1	7	7265.0711	6475.9771	5760.2039	5091.0564	4430.2246	3876.1837	3368.125	2964.8992	2660.627	2435.8389	2074.4207	1844.1949	1652.1519	1507.3916	1257.3567		
t07c1	8	7828.0849	6919.9074	6261.7305	5713.3327	4958.678	4354.3862	3940.3394	3456.2428	3115.0115	2769.5574	2307.8283	2113.1081	1851.5253	1667.6632	1332.9068		
t07c1	9	7977.56	7081.2185	6009.9507	5194.772	4640.9495	3986.7883	3504.5898	2972.6037	2526.7198	2243.1451	1888.3474	1725.2423	1368.5553				
t07c1	10	8745.9233	7769.0879	6569.4564	5683.2144	4664.6268	4068.3682	3412.0501	2799.0362	2452.1832	2158.2674	1861.9603	2049.1941					
t07c1	11	6281.3818	5657.4043	5075.5537	4515.7815	4073.8849	3571.1263	3069.4629	2834.243	2506.1623	2270.5112	2058.226	1853.9912	1827.2333				
t07c1	12	7006.9511	6233.0964	5755.0611	4580.389	4211.8436	3584.9519	3289.9566	3104.8281	2653.9588	2385.4439	2105.1904	1991.4036	1829.6882	1773.74			
t07c1	13	8100	7221	6477	5834	5025	4317	3746	3538	3038	2795	2464	2330	1886	1725	1398	1132	
t07c1	14	7918.773	6809.5482	6225.2129	5632.5746	5043.4316	4423.8125	3938.5789	3473.3839	3283.9125	2953.4083	2515.9853	2422.9661	2007.2252	1884.2684	1623.9043	1270.632	
t07c1	15	6707.7451	5872.2406	5215.7505	4682.1988	4211.7866	3868.0894	3508.532	3182.3596	2762.0984	2485.3222	2256.1434	2063.8389	1813.8589	1645.0878	1315.9161		
t07c1	16	8958.0732	7949.6708	7082.3056	6161.4328	5579.805	4848.6433	4310.1157	3860.7937	3310.4961	2942.1315	2634.6559	2288.6971	2129.0314	1725.8975			
t07c1	17	7656.8127	6732.1845	5854.9573	5039.106	4371.566	3626.8492	3149.4989	2725.9783	2428.805	2350.1487	2051.1241	1821.6651	1704.4861	1489.3554	1180.6541		
t07c1	18	7384.1362	6463.6281	5841.9358	4947.3827	4202.7951	3637.6153	3037.1414	2742.7893	2363.4451	2083.6555	1819.7844	1713.6926	1448.5989	1267.1498	1266.9672		
t07c1	19	8702.2583	7399.0902	6832.3921	6484.1363	5764.8734	5070.5664	4564.0726	4053.5839	3618.3853	3325.678	2789.2443	2319.8859	2057.9413	1735.268	1476.5636	1231.3218	921.7316
t07c1	20	9382.5883	8293.1189	7933.2829	7064.8063	7011.2364	5921.1913	5098.1374	4941.0073	4480.7094	4212.9098	3585.4383	3128.4667	2502.4795	2214.7879	1912.2546	1660.5419	1186.2222
t07c1	21	8025.2397	7476.0486	6947.4198	6362.0606	5546.412	5209.7817	4516.5232	4237.8212	3716.3727	3323.433	2709.7969	2425.8274	2006.504	1764.1349	1456.2592	1183.002	
t07c1	22	9533.3592	8640.7493	7905.5665	6941.962	5936.2914	5055.9317	4352.8974	4127.2117	3319.5444	3021.7548	2741.0898	2223.1751	2033.0085	1821.5221	1385.5492		
t07c1	23	7380.7216	6439.6388	5600.3798	5033.4091	4664.863	4155.428	3775.5261	3463.9937	2911.5839	2604.8594	2357.5428	2056.4459	1997.9364	1811.0454	1615.0012	1503.7785	
t07c1	24	7967.2916	7979.2983	7116.5861	6429.198	5730.8295	5066.66	4542.099	4134.6673	3622.2884	3346.0436	3015.8809	2672.3736	2475.7096	2202.7507	1993.8632	1718.4597	1364.7441
t08c1	1	4777	4369	3999	3302	2853	2673	2467	2151	2075	1675	1489	1582					
t08c1	2	5319.8179	4798.7215	4213.0736	3622.739	3160.9979	2785.4965	2548.1679	2455.0148	1925.1895	1785.7892	1588.9489	2420.6586					
t08c1	3	6535.5344	5896.7788	5112.1731	4367.5485	3854.9985	3299.375	2788.571	2551.8085	2216.2052	2061.9475	2554.0416						
t08c1	4	7498.5576	7063.5152	6210.0302	5299.0078	4662.3282	4160.1749	3551.7168	3209.9558	2793.7391	2859.1303							
t08c1	5	5466.1911	4934.6843	4550.0698	4169.0612	3532.6668	3404.8369	3057.5499	2881.8295	2762.434	2832.0619							
t08c1	6	5254.3066	4819.9956	4344.0931	4089.7013	3775.0897	3317.5399	2726.1231	2510.4732	2474.6524	2447.72	2308.3444	2222.4154					
t08c1	7	7240.7689	6695.9524	5770.2771	5321.5427	4679.8208	4144.6396	3724.5383	3105.6944	2922.8981	2513.6436	2237.8615	2031.7499	1826.7082	1668.0844	1549.6746		
t08c1	8	7708.9489	7094.7874	6354.1718	5874.2645	5089.6139	4498.4364	4121.2236	3724.1075	3289.3155	2927.8028	2657.5517	2413.3532	2110.7058	1832.2355	1541.8419		
t08c1	9	7994.3706	7217.5845	6279.8723	5538.7887	4823.6967	4289.2037	3727.04	3310.7981	2812.1827	2534.373	2224.134	1877.5917	1663.7378				
t08c1	10	8550.1758	7715.4346	6592.4938	5656.9248	4928.8455	4327.8979	3706.4139	3233.0503	2730.8118	2464.7014	2117.3344	2267.2746					
t08c1	11	6422.2553	5763.3859	5222.7218	4746.8646	4174.5205	3807.4656	3401.5271	3108.4259	2708.3889	2424.6139	2291.5885	2101.3861	2074.473				
t08c1	12	7011.1941	6179.9255	5658.125	4751.0535	4390.4004	3951.3927	3545.4169	3449.1407	2946.1506	2659.5362	2364.7655	2278.5142	2034.024	2017.1203			
t08c1	13	8287	7078	6547	5870	5131	4742	4102	3821	3322	3079	2649	2465	2238	1811	1553	1370	
t08c1	14	8101.7007	7132.1483	6342.2958	5548.6488	5176.3287	4555.9797	4172.2094	4005.5947	3481.2589	3229.2676	2825.1827	2604.8096	2339.3432	2078.5476	1872.4623	1448.0626	
t08c1	15	6650.3417	6028.8487	5473.9932	4857.4737	4484.9616	4082.218	3769.9926	3575.4439	3137.5625	2729.1033	2551.144	2320.7979	2034.5276	1849.6904	1625.8889		
t08c1	16	9020.6059	8025.5112	7332.3764	6495.6735	5808.5419	5231.0196	4680.2441	4145.577	3638.9875	3369.9907	3030.1355	2654.4289	2448.0796	2178.7061			
t08c1	17	7690.6838	6653.3725	6055.2415	5182.8935	4499.6092	3856.8583	3336.7549	3001.3312	2714.2893	2669.6285	2431.0694	2097.4911	2080.2468	1755.3425	1336.2874		
t08c1	18	7421.9322	6693.2918	5825.2195	5192.4084	4426.8514	3782.4508	3209.5804	3017.5131	2629.9257	2305.7147	2005.9172	1848.7552	1607	1555.693	1379.3957		
t08c1	19	8769.7036	7679.3376	7095.4844	6986.4415	5875.0633	5254.7854	4758.3938	4327.5314	3989.0383	3617.8502	3023.7058	2553.8371	2254.8953	1915.0167	1697.0238	1356.3113	1150.0243
t08c1	20	9561.2481	8560.2298	8191.3961	7207.4588	7173.2506	6320.0992	5464.0236	5236.1319	4806.9798	4659.4811	3937.3646	3349.2376	2888.3113	2429.803	2123.1021	1825.4416	1303.8062
t08c1	21	8218.995	7691.8377	7182.9418	6646.2188	5915.2571	5477.9963	4918.8495	4553.7524	4116.3496	3628.376	3011.5014	2761.7189	2289.6005	2017.9576	1663.9304	1343.2633	
t08c1	22	9628.3533	8716.0925	8324.2364	7118.8589	6195.839	5286.1456	4796.9846	4392.7643	3745.8981	3339.4049	3057.9603	2510.0802	2166.6306	1964.5293	1715.4255		
t08c1	23	7474.9259	6475.3881	5798.6406	5490.6146	4804.2939	4422.5391	4086.9384	3556.7019	3282.8124	2923.5361	2701.4463	2290.151	2186.1561	2107.898	1928.564	1748.8893	
t08c1	24	8120.2095	8046.6492	7387.7281	6652.3724	5925.5463	5361.3023	4924.025	4461.1389	4061.9812	3704.3221	3425.3741	2993.6886	2708.911	2484.4632	2220.6643	1866.1342	1619.5425
t09c1	1	4851	4297	4037	3635	3001	2637	2491	2438	2157	1923	1589	1833					
t09c1	2	5306.986	4785.8177	4402.7336	3659.9269	3232.2011	2851.2162	2610.8752	2511.0909	2113.3066	1901.9446	1760.489	3070.1108					
t09c1	3	6354.7109	5984.0669	5091.3205	4371.1746	4031.7718	3549.7225	3051.9301	2812.9494	2451.4671	2354.6052	2881.3096						
t09c1	4	7461.3222	7162.633	6430.5429	5522.8566	4911.2881	4578.1103	3713.6491	3496.8467	3111.4338	3115.7817							
t09c1	5	5341.8538	5118.4128	4663.7951	4355.0076	3837.6422	3697.6458	3247.6613	3067.2725	3027.0786	3042.1946							
t09c1	6	5213.4163	4887.5203	4399.9683	4134.9027	3893.9328	3411.4569	2919.5297	2695.096	2638.6502	2596.9403	2454.0225	2405.0776					
t09c1	7	7189.0881	6658.6152	5833.4324	5443.7537	4682.3687	4292.1451	3783.4695	3363.5294	3071.8584	2672.3203	2451.56	2218.2049	2067.6108	1806.3088	1580.1581		
t09c1	8	7765.2944	7177.6572	6515.3634	5981.8433	5396.1242	4691.9776	4339.3499	3812.9263	3413.0148	3144.8453	2796.209	2599.6378	2370.3791	2085.6015	1663.5292		
t09c1	9	8020.1792	7036.1906	6301.0211	5693.8535	4956.3619	4505.8092	4053.4789	3470.8038	3113.3348	2781.9781	2299.9093	2129.8672	1808.0377				
t09c1	10	8548.563	7629.3936	6850.101	6148.0571	5266.1334	4581.8877	3989.3591	3242.1803	3060.7221	2618.691	2383.9787	2486.0646					
t09c1	11	6405.1314	5940.6246	5275.1589	4715.5466	4265.5578	3983.803	3579.1976	3176.9642	2967.0445	2747.4849	2526.8516	2261.6712	2282.894				
t09c1	12	7009.6876	6320.1274	5523.7438	4816.086	4591.0489	4209.6337	3828.5787	3649.9351	3117.8331	2863.2317	2554.1258	2455.2874	2227.7835	2210.3078			
t09c1	13	7915	7433	6830	6013	5273	4742	4172	3858	3535	3221	2862	2538	2336	2048	1826	1456	
t09c1	14	7975.6862	7138.193	6426.2645	5929.6393	5365.1343	4847.6698	4393.2636	4116.3458	3695.6847	3365.9506	3049.1158	2817.4251	2553.8351	2210.9004	2029.2744	1631.6477	
t09c1	15	6763.186	6095.1956	5490.2635	5047.6133	4553.8008	4355.533	4033.0474	3641.1918	3289.1516	3132.1804	2821.3817	2563.2759	2325.1876	2028.973	1766.7576		
t09c1	16	9146.0422	7953.843	7536.179	6731.5845	6324.7104	5513.7342	4795.6401	4256.4841	4044.5597	3597.2121	3378.4618	2924.5633	2685.4448	2241.0391			
t09c1	17	7592.5232	6738.8458	6199.1391	5304.252	4638.2925	4097.699	3612.4824	3238.3202	2927.3851	2925.3447	2702.7682	2400.9375	2281.975	2105.7397	1551.2016		
t09c1	18	7280.5232	6619.6396	5967.4473	5198.8253	4625.1337	3994.6004	3432.9854	3227.1965	2845.8203	2556.7117	2257.8566	2123.2151	1845.0068	1693.6736	1559.7073		
t09c1	19	8800.8118	7642.3377	7136.5419	6871.4671	6082.8236	5584.9785	5007.7857	4622.8864	4126.0476	3867.5702	3163.4314	2722.5497	2464.5515	2116.2544	1787.1039	1539.4728	1255.6427
t09c1	20	9497.6974	8586.1126	8147.6523	7571.1689	7384.3106	6510.188	5772.033	5569.3331	5086.7559	4974.1401	4230.009	3676.2263	3142.113	2682.0949	2326.5852	1931.9058	1451.7671
t09c1	21	8409.3136	7907.3782	7419.4919	7067.8744	6254.1837	5727.2255	5240.4813	4702.7429	4262.2024	3871.7034	3338.6251	2855.3919	2541.4372	2215.4187	1894.1601	1589.4632	
t09c1	22	9651.7969	8752.6455	8052.2023	7326.8832	6452.7734	5662.3313	5167.0785	4700.6082	3828.1338	3663.7147	3241.6105	2751.0428	2444.6955	2266.9804	1849.3524		
t09c1	23	7414.4341	6823.308	5972.0516	5699.1089	5119.3716	4763.3038	4320.7235	3795.0279	3549.3679	3159.0732	2924.3102	2646.3042	2533.9771	2303.3335	2227.8369	1978.653	
t09c1	24	8287.7626	8166.2313	7695.627	6691.8088	6200.4152	5626.0161	5126.4014	4639.3652	4433.4866	4000.2771	3726.2162	3409.174	2939.4372	2698.3566	2410.8172	2187.288	1754.818
t10c1	1	4665	4370	4149	3598	3000	2747	2712	2465	2146	2045	1718	2031					
t10c1	2	5233.8102	4862.6464	4558.5704	3729.2623	3369.099	3021.769	2716.3408	2643.2602	2309.4157	2006.9654	2011.4902	3801.3771					
t10c1	3	6387.0308	6099.8964	5042.177	4612.3646	4044.5682	3612.4144	3184.7415	3059.3763	2600.2275	2559.8364	3240.6695						
t10c1	4	7439.7096	7066.8002	6229.7156	5792.8211	5070.1304	4650.8424	4095.6514	3707.9445	3255.129	3374.7734							
t10c1	5	5374.2812	5052.0944	4855.7011	4427.3891	4065.7789	3830.88	3506.1023	3190.0034	3173.7746	3638.1093							
t10c1	6	5205.5567	4860.0579	4577.8899	4117.5097	3947.9615	3620.9063	2978.0212	2825.4649	2781.1311	2652.4985	2659.9784	2470.1443					
t10c1	7	7134.2259	6598.5721	5848.7295	5468.2064	4681.2085	4442.1135	3865.8801	3424.8229	3230.8258	2816.4805	2570.0264	2339.4092	2092.3241	1936.799	1721.3017		
t10c1	8	7732.3004	7020.1345	6574.3333	5914.217	5459.6049	4854.3215	4507.8902	3919.8987	3646.1685	3359.1692	2977.7916	2831.5078	2522.2615	2214.8943	1914.5819		
t10c1	9	8057.2686	7260.5812	6341.4898	5755.9431	5138.7073	4657.8272	4168.0846	3793.4798	3270.3552	3020.4309	2583.0447	2413.2548	2067.076				
t10c1	10	8530.9702	7576.2129	6884.2394	6045.7827	5316.7594	4699.449	4202.8374	3539.4806	3200.3008	2904.6115	2527.0668	2912.9802					
t10c1	11	6271.4076	5727.1402	5332.0829	5060.1315	4464.1797	4182.1204	3733.1299	3554.4401	3287.212	2809.5677	2784.9974	2501.7239	2451.4829				
t10c1	12	6873.3488	6226.2958	5698.7059	4973.747	4561.3375	4276.4163	3899.4814	3791.1771	3398.7207	3038.6571	2707.4049	2679.5397	2518.512	2417.8356			
t10c1	13	7915	7291	6654	6261	5520	4848	4561	4140	3533	3186	2968	2865	2389	2273	1772	1592	
t10c1	14	8045.8279	7107.1176	6403.1652	5774.5632	5443.8995	5019.7144	4549.2302	4268.1722	3861.7912	3451.3843	3253.5713	2952.3364	2676.8799	2536.4366	2180.3229	1855.9464	
t10c1	15	6714.5345	6056.848	5563.9792	5123.5101	4758.6009	4413.6494	4222.3226	3934.7017	3539.1616	3255.1486	3059.4476	2764.6108	2472.6011	2273.5365	2070.0477		
t10c1	16	9020.2663	8306.7374	7608.6742	6701.1869	6529.3772	5635.7279	4979.8843	4649.2084	4215.8731	3793.7164	3625.8365	3199.9853	2967.9844	2622.8584			
t10c1	17	7684.9566	6971.1489	6204.6606	5350.589	4767.8079	4246.1394	3730.4552	3426.5378	3105.4152	3153.1023	2823.457	2726.7094	2547.1734	2195.5696	1700.8536		
t10c1	18	7287.4972	6512.7282	6073.8865	5289.8234	4766.8341	4147.7594	3643.69	3303.1171	2997.3408	2675.2599	2390.6754	2277.5509	2098.9593	1893.1038	1776.9103		
t10c1	19	8689.4731	7679.7834	7293.1356	7035.6039	6214.1886	5542.5739	5121.0762	4766.6714	4318.0138	4101.7635	3437.3538	2874.6549	2647.2155	2299.0537	2021.009	1685.6198	1333.0675
t10c1	20	9492.5314	8618.642	8177.1301	7586.0359	7404.2036	6709.4642	6016.8659	5866.1505	5302.8057	5207.3306	4520.7177	4054.0825	3417.5018	2926.4713	2526.764	2193.2019	1620.924
t10c1	21	8489.4475	7940.8962	7504.9562	7206.1519	6513.327	5904.0527	5449.4593	5152.632	4583.2608	4092.5803	3653.8214	3116.5116	2796.6489	2467.9638	2117.1925	1796.4191	
t10c1	22	9722.5592	8957.7578	8191.577	7458.6784	6777.6605	5728.1572	5061.0432	4893.9977	4283.6833	3795.2272	3355.0633	3039.3861	2631.1032	2414.956	2033.9526		
t10c1	23	7434.4584	6710.6587	6114.5167	5931.4524	5314.5422	4848.3164	4443.7267	4096.8952	3733.0675	3306.2539	3202.4559	2739.3541	2711.5907	2564.1349	2406.4688	2268.6465	
t10c1	24	8260.8011	7967.8024	7594.387	6842.678	6370.9646	5826.4786	5304.5908	5010.3151	4525.0946	4243.9044	4019.3229	3668.076	3180.449	2968.388	2607.2587	2450.4787	1930.8687
t11c1	1	4962	4370	3999	3559	3037	2858	2712	2605	2349	2108	2006	2153					
t11c1	2	5330.96	4886.0337	4349.5955	3974.8158	3343.5545	3049.1323	2811.1612	2653.1016	2383.8397	2186.2135	2095.2342	4325.0636					
t11c1	3	6420.3252	5946.3884	5170.6373	4544.3057	4179.0146	3771.2102	3371.8206	3237.7893	2771.2408	2764.1237	3492.4741						
t11c1	4	7522.5352	7098.4406	6437.8846	5860.1163	5413.0967	4819.6352	4313.5593	3917.6155	3494.216	3342.5659							
t11c1	5	5354.861	5049.2014	4967.6655	4483.4128	4276.3209	3989.2108	3781.1148	3257.1752	3441.7439	3925.5091							
t11c1	6	5165.8675	4916.0778	4423.2378	4198.5321	3973.4687	3677.8259	3038.1453	2858.2633	2831.4523	3050.9309	2883.1052	2572.7785					
t11c1	7	6962.6063	6366.6672	5874.3171	5395.5889	5067.0684	4508.5576	4035.0225	3560.4405	3339.2459	3128.1035	2737.1067	2391.5449	2291.871	2105.7101	1779.567		
t11c1	8	7474.5004	7148.1156	6587.0034	6088.2736	5377.057	4983.8024	4476.4581	4273.3676	3815.4956	3478.9265	3180.8354	2950.1369	2724.3819	2559.3179	2085.188		
t11c1	9	7882.4238	7119.1393	6191.0587	5813.2223	5196.5427	4820.8279	4366.4778	3858.0911	3414.0186	3210.7727	2782.1406	2484.2698	2224.1331				
t11c1	10	8389.0396	7663.6504	6980.6531	6186.6606	5466.165	4881.3916	4381.338	3862.4643	3381.4709	3124.8151	2789.5578	2994.7676					
t11c1	11	6228.2387	5701.5702	5335.6623	4907.7884	4578.9369	4147.8695	3971.6566	3792.5431	3365.9879	3222.378	3008.0476	2626.2972	2613.3081				
t11c1	12	6840.827	6305.2135	5705.2804	5072.4256	4693.4376	4275.8079	4108.6972	3805.4604	3455.4913	3229.3146	2968.5831	2745.3263	2607.1914	2566.6595			
t11c1	13	7842	7079	6831	5940	5591	4885	4633	4000	3854	3290	3075	3008	2609	2425	2002	1767	
t11c1	14	7844.0649	7193.7431	6409.4441	5964.085	5515.9841	5051.4653	4618.4746	4414.7839	4029.3338	3718.4609	3435.9332	3226.4326	2882.2131	2709.11	2384.5019	2057.8526	
t11c1	15	6597.7443	5964.4973	5661.5107	5073.8772	4816.3129	4462.6978	4336.6613	4027.8382	3761.3953	3396.7445	3296.2714	3037.6255	2806.2504	2491.2724	2178.8663		
t11c1	16	9029.6329	8165.4474	7566.5901	6764.7252	6492.1482	5943.8554	5236.1074	4932.9717	4524.1749	4066.1843	3816.496	3530.5966	3160.8289	2859.4043			
t11c1	17	7551.7975	6947.3872	6228.827	5422.5481	4907.249	4356.883	3976.9655	3562.821	3294.6151	3346.3784	3156.5465	2844.9062	2716.8444	2619.7623	1829.1494		
t11c1	18	7121.5649	6592.8152	5946.8725	5384.9968	4782.2479	4234.3509	3753.8632	3563.7805	3192.9121	2793.1593	2614.9142	2459.1418	2280.7505	2107.2758	1953.3576		
t11c1	19	8878.4363	7790.1297	7376.6332	7124.8318	6379.8002	5835.4517	5305.1931	5104.5893	4487.8262	4240.5377	3571.9477	3123.6015	2820.1239	2467.6461	2109.6582	1891.6602	1479.2448
t11c1	20	9570.1458	8599.6535	8177.4202	7844.7436	7791.2684	7022.2441	6218.4657	6058.9735	5602.7946	5491.207	4799.6206	4180.6369	3592.2283	3180.3816	2730.6285	2306.2818	1795.0704
t11c1	21	8384.0898	7980.4032	7471.0301	6999.9812	6449.5379	6169.3113	5576.7716	5125.6193	4666.8003	4351.8517	3886.6012	3480.8139	2926.0723	2585.9245	2301.2791	1880.3175	
t11c1	22	9531.5759	8883.3229	8480.764	7501.1731	6869.0363	5692.7147	5387.3109	5248.5729	4387.2894	4069.1511	3641.9342	3283.2299	2861.4607	2588.8607	2280.1156		
t11c1	23	7568.2374	6798.4727	5984.2871	5818.5756	5332.5364	4935.781	4611.4554	4322.9458	3866.5215	3577.4326	3293.7952	2993.7587	2889.9327	2805.9319	2650.1309	2498.3162	
t11c1	24	8231.1274	7953.6558	7557.1304	7097.9428	6417.767	5880.7675	5463.2967	5116.9218	4775.3011	4350.135	4187.9301	3715.3799	3350.3969	3139.9392	2898.3279	2566.1744	2258.8907
t12c1	1	4852	4259	4074	3597	3000	2784	2889	2855	2282	2108	1938	2107					
t12c1	2	5246.3337	4941.0344	4460.2559	3818.9733	3419.8279	3059.1275	2927.0063	2837.3155	2365.0454	2304.2172	2256.9914	4867.248					
t12c1	3	6439.6988	6001.0086	5315.2913	4690.862	4387.6382	3842.2128	3608.7231	3343.8325	2978.0558	2935.7941	3795.6597						
t12c1	4	7356.5237	7167.1296	6456.1164	5893.4966	5415.8786	5115.5816	4429.8033	4128.642	3705.9175	3569.233							
t12c1	5	5287.9627	5066.1902	4927.3907	4718.5235	4280.6418	4206.9718	3862.0654	3727.2155	3583.8175	4263.9824							
t12c1	6	5057.8187	4819.3388	4592.2325	4376.1885	4045.7143	3732.5734	3161.1164	3013.5639	3019.0897	3104.5085	3081.8447	2701.2726					
t12c1	7	6808.7833	6349.1123	5649.8275	5421.9467	4929.7886	4538.6312	4134.1809	3633.0667	3474.5118	3138.4482	2869.5381	2578.4181	2405.4298	2099.2792	1859.4552		
t12c1	8	7331.5457	7176.2785	6445.3993	6032.1104	5499.3367	4973.6313	4636.8897	4326.753	3913.9621	3560.9432	3307.3368	3084.5158	2859.9838	2576.9874	2241.7661		
t12c1	9	7683.6537	7108.8725	6531.4009	5796.7755	5285.7051	4790.6873	4409.1265	4043.1541	3597.4405	3438.5215	2883.2602	2763.2365	2468.9023				
t12c1	10	8386.0503	7680.6279	6771.5182	6260.4634	5558.4312	4960.6382	4544.3189	3973.164	3519.6083	3323.933	3011.3302	3104.9282					
t12c1	11	6255.8682	5900.6891	5483.5372	4966.0803	4635.7716	4343.659	4012.3918	3797.3148	3565.5252	3294.461	3159.1972	2998.2973	2842.5289				
t12c1	12	6867.8035	6331.2719	5782.0919	4961.6905	4604.1492	4267.652	4099.9809	4027.6675	3581.2664	3438.2088	3140.9516	3140.98	2779.3956	2693.8385			
t12c1	13	7509	6973	6725	6011	5557	5168	4597	4176	3923	3609	3323	3148	2748	2428	2123	1775	
t12c1	14	7798.8499	7031.7573	6323.3716	5913.0571	5466.763	4859.193	4757.6464	4499.7045	4086.9594	3950.9475	3629.7455	3474.3547	3161.967	2834.6518	2619.5896	2173.0955	
t12c1	15	6690.455	6026.0975	5554.6726	5117.5116	4805.2998	4602.4124	4396.6587	4291.3022	3844.2468	3603.0703	3533.1031	3137.5117	2962.9434	2610.6028	2404.8809		
t12c1	16	8826.5982	8292.1509	7557.3611	6951.9621	6553.9639	6040.8515	5421.6611	5025.22	4725.7541	4472.03	4190.6393	3689.6744	3461.843	3009.5117			
t12c1	17	7539.9405	6786.5686	6212.5719	5467.6832	5000.7278	4436.1536	4081.8654	3791.0531	3434.883	3557.8413	3373.3028	3019.1351	2990.9239	2996.8494	1929.8844		
t12c1	18	7092.3591	6615.2456	6070.1666	5453.6223	4872.1845	4454.9161	3950.864	3707.8115	3239.7234	3027.8721	2709.7676	2560.9609	2457.7053	2272.1432	2105.2643		
t12c1	19	8928.6467	7847.2694	7378.8669	7253.9991	6368.6568	5920.7359	5378.6014	5100.9407	4644.0549	4330.609	3773.8347	3358.7855	2903.3739	2629.3411	2295.2267	2080.6139	1587.4383
t12c1	20	9434.7026	8736.7499	8287.3647	7911.2117	7857.3781	7121.7336	6417.7773	6229.0123	5733.4157	5681.9856	4925.8728	4337.096	3799.6654	3324.3216	2889.0281	2565.7046	1969.7074
t12c1	21	8440.8177	8010.3244	7670.3326	7002.5672	6617.5286	6225.9728	5792.7879	5370.5293	5012.4054	4600.2677	3938.3269	3516.1021	3072.6536	2741.9129	2463.2295	2169.7306	
t12c1	22	9614.6579	8938.5236	8612.5661	7718.6248	6970.103	6059.1161	5490.0582	5306.9526	4571.1331	4413.5584	3948.1083	3447.2042	3122.5467	2897.1884	2470.5122		
t12c1	23	7485.1611	6931.95	6166.0798	5909.7952	5514.8525	4997.8121	4667.259	4497.0113	4020.9903	3802.8867	3471.4973	3244.2704	3163.8201	3108.3487	2856.1787	2659.9606	
t12c1	24	8182.9166	7949.1948	7713.9837	7092.88	6578.9934	6046.3722	5589.5707	5320.9493	4974.6268	4649.6081	4358.3542	4115.9567	3699.0527	3305.1705	3290.1121	2720.6063	2379.8582
t13c1	1	4703	4406	4037	3671	3186	2858	2997	2784	2564	2275	1945	2408					
t13c1	2	5154.5313	4824.3718	4430.8539	3907.3103	3541.5984	3264.7544	3159.8806	3056.8576	2520.3827	2434.0014	2374.8428	5306.1994					
t13c1	3	6341.074	5968.1924	5203.3204	4690.9501	4422.4894	4003.4007	3603.9076	3330.3223	3122.6444	3119.074	3873.3641						
t13c1	4	7294.0442	7009.8068	6370.1806	5916.3803	5611.2561	5092.3504	4528.0001	4309.9983	3844.8149	3670.6465							
t13c1	5	5402.2514	5236.2693	5113.0503	4728.6824	4484.59	4364.0676	4062.9045	3681.4817	3806.3763	4400.3277							
t13c1	6	5094.3824	4833.8449	4441.841	4228.621	4082.3713	3918.2312	3302.3666	3225.5571	3172.6674	3172.7518	3176.4452	2785.77					
t13c1	7	6844.3148	6168.9996	5685.671	5305.7266	5174.1963	4510.6617	4219.3731	3786.9034	3600.0663	3278.1924	3012.7304	2627.2434	2519.7675	2300.2835	2073.5118		
t13c1	8	7250.8987	7014.1379	6357.8493	6002.0762	5526.3171	5026.9543	4678.9696	4409.0748	3952.7117	3695.0935	3370.1136	3205.5383	2895.3361	2765.612	2358.6099		
t13c1	9	7723.3576	7163.4123	6317.1809	6029.235	5331.5576	4899.4333	4501.5429	4139.8879	3722.9502	3574.4938	3033.686	2889.2367	2617.8269				
t13c1	10	8141.7468	7697.6152	6883.0456	6222.6406	5702.8213	5157.6726	4692.1413	3904.3316	3650.8019	3492.5273	3116.4708	3638.0067					
t13c1	11	6157.5306	5995.5063	5452.5396	5172.0515	4817.4605	4634.3259	4244.4521	3992.6901	3579.7003	3488.3802	3279.5801	3101.0673	3032.7265				
t13c1	12	6558.7104	5973.1369	5803.34	4986.9446	4681.6235	4609.1547	4273.0985	4091.8441	3769.1225	3599.0074	3148.9437	3133.4019	2954.0906	2850.08			
t13c1	13	7804	6973	6406	6048	5627	5167	4737	4282	3960	3574	3250	3327	2815	2704	2272	1891	
t13c1	14	7694.51	6911.7617	6407.0209	5917.5966	5454.6477	5045.4707	4799.9727	4636.0169	4158.2919	3911.9298	3640.9368	3471.3432	3234.0145	2943.1416	2613.5817	2300.1775	
t13c1	15	6519.3671	5956.4163	5541.7742	5313.9553	4953.7757	4697.8452	4443.8985	4365.4812	4121.6782	3899.7848	3564.5148	3386.3457	3071.5077	2890.7194	2542.6732		
t13c1	16	8827.3186	8007.7048	7642.1441	6954.7268	6730.7023	6265.7923	5529.7979	5176.3837	4830.7486	4526.3808	4169.6947	3938.2601	3763.2881	3226.4883			
t13c1	17	7405.6187	6621.2181	6319.6384	5563.4933	4997.7113	4423.6983	4117.3284	3826.6418	3499.1679	3664.8477	3509.9299	3226.5284	3153.6214	2932.3914	2086.9046		
t13c1	18	7102.6725	6481.5198	6005.4384	5426.3607	4917.8327	4570.2525	3971.8609	3771.6342	3398.9	3052.6494	2935.5558	2665.024	2549.529	2391.6169	2284.4025		
t13c1	19	8536.5808	7750.5793	7349.9902	7075.2012	6416.7923	6059.3492	5522.4519	5231.95	4716.3434	4528.3733	3957.7479	3431.7245	3128.2892	2743.1491	2423.3501	2102.7128	1761.4511
t13c1	20	9406.7914	8544.3324	8185.6416	7915.0327	7943.4172	7257.7374	6508.7191	6354.9572	5923.0782	5748.145	5170.3358	4606.5026	4059.1472	3541.8955	3100.1222	2721.7584	2084.201
t13c1	21	8385.6646	8087.8943	7642.319	7558.1011	6663.5165	6256.7689	5811.6849	5722.3937	5212.3029	4730.3909	4221.9649	3837.3665	3356.4874	2830.9265	2679.1331	2305.5802	
t13c1	22	9529.9128	8989.922	8448.6705	7720.641	6982.2843	6161.9665	5654.6313	5481.6469	4888.1447	4415.8099	4044.834	3616.3753	3286.692	3081.4761	2541.0201		
t13c1	23	7503.3851	6688.2788	6000.2661	5822.4215	5533.364	5211.6127	4896.6617	4548.125	4230.8833	3963.0566	3731.463	3436.4935	3340.1987	3225.9176	3070.8933	2850.2377	
t13c1	24	8023.837	8159.819	7585.8475	7166.3148	6521.8347	6208.0135	5789.6365	5512.3983	5054.5301	4779.2125	4577.6054	4328.1214	3774.3026	3512.2515	3392.1846	2898.0442	2523.7824
t14c1	1	4741	4185	3962	3671	3297	3007	2997	2746	2600	2448	2220	2568					
t14c1	2	5164.0603	4782.5709	4488.6343	3900.5348	3518.209	3277.8439	3107.5881	3088.2821	2744.5349	2490.5501	2526.5098	5647.561					
t14c1	3	6252.9883	5919.0134	5275.8586	4702.9423	4571.6557	4048.7363	3785.9896	3548.3734	3278.6314	3223.9165	4143.1669						
t14c1	4	7302.5251	6985.8291	6599.681	5928.2303	5788.6188	5077.99	4716.9119	4447.3989	3972.3839	3821.0087							
t14c1	5	5290.0639	5028.5634	4945.0088	4731.7865	4581.4976	4393.3052	4159.9024	3918.271	3941.0471	4733.3656							
t14c1	6	5039.2806	4750.6623	4473.6299	4215.9136	4038.5978	3785.4408	3392.0295	3198.3339	3224.5111	3405.5005	3355.4512	2807.4673					
t14c1	7	6553.104	6061.4788	5546.2357	5288.9604	4997.9365	4622.0111	4179.0768	3766.2893	3536.8586	3181.377	3087.805	2778.0894	2615.7513	2438.4548	2118.7044		
t14c1	8	7207.8976	6616.7133	6325.0577	5972.8637	5436.4819	5024.622	4700.4333	4301.6167	4061.1795	3831.8922	3490.7151	3334.7428	2969.3229	2885.5248	2523.8157		
t14c1	9	7579.1624	7016.7198	6237.9868	5791.4175	5266.2797	4895.8754	4630.4729	4211.3809	3921.7767	3669.8518	3228.5362	2980.7479	2768.4289				
t14c1	10	8113.968	7575.7178	6910.203	6120.8647	5761.8809	5329.0659	4737.916	4173.4068	3868.9738	3485.3586	3378.3931	3472.5595					
t14c1	11	5991.3334	5830.2104	5364.0773	5201.3832	4888.7506	4393.4848	4249.5287	4031.5302	3789.9424	3737.1789	3523.9591	3199.0359	3133.3335				
t14c1	12	6574.3373	5922.8323	5656.2114	4993.277	4757.0788	4609.2533	4302.5312	4295.4901	3886.3943	3718.2621	3311.4581	3287.5167	3035.824	2957.6274			
t14c1	13	7584	7043	6690	5906	5626	5097	4916	4353	4101	3716	3429	3397	3090	2634	2483	2012	
t14c1	14	7453.8243	6759.04	6288.9431	5759.9661	5432.643	5035.6215	4785.3917	4605.9789	4279.0232	4099.7821	3872.4849	3839.6132	3429.6714	3149.4123	2861.9913	2448.5451	
t14c1	15	6408.3707	5851.2736	5501.8655	5186.5596	4897.5194	4693.2021	4584.4415	4425.913	4188.2913	3926.9212	3753.1874	3575.0869	3305.9048	3117.0798	2701.7614		
t14c1	16	8680.0721	8047.8171	7684.2665	7008.6489	6822.6335	6220.3047	5643.8633	5321.99	5108.7796	4800.9764	4472.8539	4126.6632	3816.4018	3522.042			
t14c1	17	7343.8393	6622.2234	6125.5175	5601.1972	5000.4458	4495.6153	4231.8362	4075.8515	3833.6604	3875.032	3630.8505	3349.614	3370.5726	3108.2989	2123.2673		
t14c1	18	6895.1645	6434.4437	5946.6798	5427.4635	4947.5017	4490.1623	4054.1875	3848.1815	3618.8083	3239.2909	2949.7977	2878.9918	2714.8364	2588.2283	2460.5607		
t14c1	19	8532.7304	7488.338	7342.9749	7334.0012	6658.1694	6129.7784	5628.6451	5354.8124	4899.3311	4624.5006	4219.479	3583.6903	3167.5413	2848.3158	2575.2204	2273.3726	1832.8362
t14c1	20	9231.1917	8565.787	8301.375	7755.746	7894.692	7242.7594	6576.4523	6510.4287	5985.0751	6035.7298	5248.387	4580.8145	4183.4843	3658.5593	3341.1734	2851.2118	2230.4176
t14c1	21	8418.1411	8142.5874	7726.7506	7142.4271	6797.2426	6414.9606	5902.9925	5343.6498	5288.0399	4990.3772	4424.3612	4039.6161	3502.6492	3075.4048	2795.7228	2387.6238	
t14c1	22	9543.4927	8833.9219	8602.0759	7834.7633	7233.0361	6173.7098	5825.4056	5634.6851	4847.799	4597.3097	4318.6163	3670.2846	3437.6081	3216.2147	2888.9924		
t14c1	23	7340.1538	6590.0885	6118.3137	6148.2203	5630.709	5206.0644	4937.4796	4692.7806	4301.734	4061.6807	3842.4759	3564.721	3546.3627	3426.0839	3280.7019	3024.6045	
t14c1	24	8035.1007	7986.0342	7686.612	7270.0738	6542.112	6249.2146	5635.5514	5520.4439	5377.8675	4890.2285	4707.866	4569.7732	4008.5703	3752.3471	3545.6134	3153.3732	2668.9591
t15c1	1	4593	4296	4147	3486	3185	3042	3138	3032	2673	2337	2250	2484					
t15c1	2	5078.9009	4707.3702	4331.4585	3937.1332	3460.8446	3194.6918	3186.1985	3151.5275	2734.3467	2626.0877	2558.9139	5972.8					
t15c1	3	6076.4621	5994.0349	5351.8084	4832.3037	4430.0042	4115.2769	3821.6966	3689.604	3250.086	3245.805	4430.2731						
t15c1	4	7232.9374	6788.0168	6277.0384	6075.0401	5857.841	5399.0693	4845.5662	4457.2632	4053.1616	4116.9543							
t15c1	5	5249.1767	5179.5184	5041.4536	4860.2879	4494.4704	4543.353	4248.7818	4083.2856	3994.6068	4994.0038							
t15c1	6	4906.1329	4752.9575	4415.1171	4268.4303	4178.8086	4114.8157	3548.4931	3307.6244	3351.2102	3524.2196	3374.4787	2964.424					
t15c1	7	6465.3206	6058.6262	5581.8449	5274.3342	4965.3848	4574.2471	4274.2194	3783.777	3748.1714	3355.7363	3178.2494	2867.3191	2738.5328	2514.41	2238.3513		
t15c1	8	7104.4652	6693.1108	6323.7281	5855.9865	5448.1681	5051.0917	4722.3037	4426.2991	4220.4997	3935.4984	3659.557	3415.9406	3212.0337	2948.2914	2645.2083		
t15c1	9	7351.1076	6831.7079	6182.3995	5797.7113	5341.5903	4993.6561	4668.1122	4370.3451	3956.4515	3774.1774	3311.8747	3130.0301	2860.1222				
t15c1	10	7931.6541	7469.0645	6916.266	6540.7778	5575.9713	5291.5808	4800.1802	4278.5288	3952.4892	3740.8667	3447.5465	3777.8815					
t15c1	11	6112.543	5793.9146	5521.4531	5170.0706	4860.2183	4625.7642	4390.5823	4220.7797	3866.7744	3705.5713	3591.4306	3424.1599	3177.4664				
t15c1	12	6517.518	5870.3917	5693.7221	5006.6224	4822.3047	4593.3209	4315.9115	4287.4848	3968.5237	3893.105	3366.3657	3370.1798	3111.4748	3041.9651			
t15c1	13	7434	7113	6335	5941	5663	5133	4810	4531	4171	3857	3498	3434	3091	2862	2539	2200	
t15c1	14	7232.9615	6590.5643	6197.7024	5793.315	5383.2957	5026.0478	4817.3586	4473.0997	4359.2995	4162.5932	3829.3974	3686.6689	3475.9313	3307.1594	3078.3341	2506.154	
t15c1	15	6289.4796	5801.1437	5350.2324	5134.7956	4993.0027	4747.7461	4580.8457	4487.0324	4131.6741	3996.9322	3798.9686	3626.4116	3511.4512	3230.0728	2894.5056		
t15c1	16	8633.2084	8085.2217	7662.8539	7001.773	6767.0789	6309.9094	5967.3389	5556.7403	5286.7164	5000.6267	4757.9153	4431.5268	4046.8286	3570.2383			
t15c1	17	7137.0038	6637.1751	6268.9022	5627.6931	5075.4586	4569.8236	4343.7567	4068.4063	3868.0251	3960.9037	3824.704	3562.1631	3481.3037	3358.7576	2253.6859		
t15c1	18	6898.9392	6354.4171	6008.321	5448.4292	4839.5827	4543.7629	4200.6614	3904.3291	3775.0052	3392.7867	3063.3251	3071.8452	2949.4806	2702.2143	2538.8905		
t15c1	19	8339.2404	7682.6131	7516.866	7384.7741	6600.4361	6259.4231	5701.9103	5504.0874	4897.341	4796.6036	4247.7383	3713.9782	3346.7479	3014.455	2641.4671	2358.5541	1947.8828
t15c1	20	9163.6052	8655.3911	8387.622	8075.3262	7926.3209	7349.3203	6725.6417	6660.8882	6011.4292	6161.1355	5443.4624	4936.4702	4316.005	3862.3946	3451.5551	3046.3464	2394.5759
t15c1	21	8246.6691	7918.4585	7609.5535	7281.561	6790.349	6593.6862	6060.5123	5795.1344	5456.5581	5113.4663	4543.0762	4172.7927	3651.0337	3317.4447	2981.6644	2536.8215	
t15c1	22	9392.8495	8949.9418	8367.7143	7893.9051	7130.9823	6221.3171	6008.0505	5674.1743	5035.6006	4756.5846	4414.2181	3997.9273	3643.2166	3379.288	3036.9018		
t15c1	23	7257.3458	6668.9652	6123.0612	6213.7458	5740.4448	5322.6937	5078.3756	4670.8498	4482.2618	4224.9023	4104.286	3674.7019	3622.6696	3580.0797	3388.3127	3155.9445	
t15c1	24	7931.7928	7856.8408	7564.6468	7310.3644	6696.797	6220.7163	5720.327	5614.8907	5400.6334	4931.2062	4812.7199	4515.3219	4073.2358	3842.03	3696.4009	3397.1287	2849.3643
t16c1	1	4480	4222	4147	3598	3186	3116	3209	2998	2779	2570	2321	2641					
t16c1	2	4840.1363	4645.7187	4303.7934	3879.9423	3582.6168	3305.0355	3211.3102	3132.8989	2725.1064	2664.5015	2631.6253	6157.7294					
t16c1	3	6125.0985	5879.8196	5301.7255	4769.8158	4575.0632	4178.8123	3853.3732	3753.1487	3437.9115	3460.1619	4488.1309						
t16c1	4	7060.5606	6984.6268	6505.2513	6121.4203	5909.7893	5408.136	4869.7032	4512.2571	4259.8485	4008.3207							
t16c1	5	5227.8875	5078.7073	4964.4935	4960.5026	4558.2116	4605.6879	4376.4483	4126.7629	4057.5573	5428.6842							
t16c1	6	4857.4036	4699.007	4526.7889	4261.8843	4233.6655	3850.9911	3375.8488	3368.6311	3420.0684	3544.8407	3501.3016	3003.1464					
t16c1	7	6369.8099	5981.2258	5418.2746	5217.0253	4999.6445	4636.3759	4359.5782	3893.1917	3770.6489	3524.5518	3205.3748	2945.1703	2793.8167	2625.1483	2201.8986		
t16c1	8	6923.2659	6685.7774	6319.0888	5882.7128	5537.0356	5164.0292	4786.5775	4517.7382	4208.013	3970.6129	3611.5178	3502.5361	3388.4602	3187.7136	2721.6644		
t16c1	9	7255.9525	6765.2267	6082.1421	5997.2444	5353.748	4971.1291	4687.556	4345.1591	4047.4404	3911.8672	3551.4438	3252.9048	3072.2865				
t16c1	10	7918.675	7643.7686	6901.9894	6468.7778	5875.5547	5490.613	4947.4499	4385.2569	3938.2276	3879.9571	3576.2217	3739.2098					
t16c1	11	6016.4087	5759.4342	5423.2916	5196.6578	4948.9077	4753.6503	4508.8816	4274.3588	3909.7537	3881.3852	3735.4097	3446.8888	3319.2036				
t16c1	12	6296.4765	5835.5374	5526.3377	4988.1169	4877.5719	4484.0045	4311.4576	4412.0364	4064.5561	3933.3796	3547.8144	3709.5331	3224.0732	3178.218			
t16c1	13	7287	6796	6477	5870	5378	5239	4702	4424	4207	3929	3676	3362	3302	2901	2600	2270	
t16c1	14	7158.8462	6587.3098	6102.5988	5695.9012	5427.6607	5053.5545	4761.0329	4728.6593	4523.3311	4280.1682	3893.5755	3918.1382	3576.7192	3403.0432	3104.7205	2587.3721	
t16c1	15	6050.1389	5676.4046	5344.9624	5118.4185	4963.3406	4714.7937	4523.1314	4463.6657	4258.8066	4092.1503	3987.6265	3797.6089	3601.4686	3401.6014	3023.2196		
t16c1	16	8458.4203	8036.6335	7517.6268	7033.1325	6882.0473	6439.329	6042.8716	5551.305	5397.9213	5096.1952	4832.8494	4402.0593	4104.0922	3673.6611			
t16c1	17	7102.1821	6649.131	6041.5571	5563.083	5192.5801	4651.471	4400.9862	4160.8934	4034.3146	4209.9041	3905.0512	3633.8557	3537.2347	3505.5044	2339.1331		
t16c1	18	6631.5392	6265.2378	5959.8136	5384.919	4910.6272	4557.8334	4222.7486	3973.2931	3825.7932	3420.8323	3191.9518	3143.7051	2940.9529	2879.1287	2548.7875		
t16c1	19	8313.6326	7462.8144	7378.3959	7278.8352	6574.5304	6202.3096	5824.9733	5478.4576	5019.0985	4874.0185	4278.0758	3664.0655	3369.7727	3096.4544	2755.6767	2454.5478	2094.8364
t16c1	20	9052.0509	8448.6361	8149.4022	7819.6694	8000.8934	7319.4306	6638.4134	6484.125	6121.4079	6275.7482	5500.7894	5113.3626	4488.5019	3981.1711	3557.1118	3201.5888	2442.8661
t16c1	21	8116.2023	7918.7351	7547.1855	7247.7304	6842.1242	6488.1968	6179.1461	6002.265	5543.0456	5268.6867	4654.0845	4254.4202	3784.8066	3413.3859	3044.1235	2858.8773	
t16c1	22	9189.4991	8765.9556	8414.7394	7936.5012	7196.2143	6494.2807	6079.4647	5997.3277	5140.0128	4826.4018	4486.8061	4038.6361	3762.5325	3570.8002	3177.0969		
t16c1	23	7183.5412	6633.7124	6083.2157	6158.7205	5599.6216	5540.7011	5226.2461	4853.8284	4615.6286	4344.71	4168.8739	3760.2837	3866.0676	3763.4909	3657.9553	3328.0461	
t16c1	24	7922.8277	7755.6939	7776.859	7089.3166	6687.6469	5985.2946	5923.8049	5697.1662	5497.2059	5170.9115	4943.2643	4799.431	4269.2877	3992.5328	3844.2679	3531.1461	3076.0881
t17c1	1	4518	4147	4073	3634	3037	3228	3246	3211	2779	2605	2255	2641					
t17c1	2	4955.2375	4700.0914	4312.1417	3945.6468	3500.905	3259.5703	3260.5309	3255.7797	2697.9782	2698.2423	2609.9422	6258.665					
t17c1	3	6107.5607	5888.6632	5265.6781	4786.2231	4647.1313	4169.7126	4003.1411	3711.2973	3442.3352	3401.9196	4662.2735						
t17c1	4	7206.2866	6972.0655	6484.2691	5962.7184	5987.9521	5466.7874	4975.7902	4722.4201	4182.1267	3901.0962							
t17c1	5	5157.1482	5007.2424	5042.2344	4951.9344	4652.1878	4663.8925	4462.6254	4191.0495	4170.8454	5412.7543							
t17c1	6	4825.9249	4595.9311	4480.7949	4245.9296	4196.9254	4017.5388	3520.8133	3343.6419	3431.0935	3663.3417	3712.9767	3048.9748					
t17c1	7	6163.6757	5841.1472	5427.5733	5218.1897	4960.8086	4636.994	4332.2356	3943.355	3739.0767	3771.1035	3301.3538	2962.4202	2798.3177	2588.6336	2334.5831		
t17c1	8	6875.5216	6384.7142	6181.4279	5795.3497	5551.8993	5108.9757	4791.1029	4595.3123	4232.1702	4096.3197	3799.2007	3623.6964	3376.6886	3263.1644	2775.4136		
t17c1	9	7199.0279	6806.6607	6128.6421	5795.9518	5335.9877	5028.5588	4804.341	4326.7254	4050.6958	3935.5933	3508.6221	3360.4073	3172.9493				
t17c1	10	7870.2891	7396.1504	6638.848	6397.4985	5809.6003	5438.3171	4976.6085	4561.1708	4154.6872	3991.6426	3695.6434	3809.5585					
t17c1	11	6003.0969	5625.6454	5438.4224	5279.7581	4916.2093	4730.7994	4579.2219	4256.9855	4224.5281	3894.7984	3896.6842	3567.9853	3376.7866				
t17c1	12	6322.0444	5771.3537	5453.5828	4993.1859	4832.9751	4830.575	4513.0188	4461.9291	4090.5926	3889.4755	3599.5697	3641.9015	3410.1888	3291.163			
t17c1	13	7213	6582	6442	6117	5627	5203	4951	4673	4314	3786	3535	3503	3274	3075	2560	2301	
t17c1	14	7093.8808	6465.6246	6007.4612	5767.899	5268.9603	5001.3262	4868.6734	4671.1585	4568.2459	4425.8649	4068.7911	3969.4604	3676.4025	3415.6517	3167.9423	2646.2171	
t17c1	15	6066.0235	5629.924	5350.9985	5207.4429	4901.311	4668.064	4664.3632	4425.8092	4371.2	4196.6155	4080.1686	3890.1924	3669.3189	3499.7831	3219.861		
t17c1	16	8443.1069	7694.764	7460.6727	6953.6816	6829.115	6369.9793	5900.8633	5644.9298	5373.5394	5141.9371	5011.692	4732.6633	4319.6468	3786.2148			
t17c1	17	7170.9415	6580.8165	6146.1893	5581.8966	5004.926	4711.6854	4344.6816	4207.1658	3986.8867	4295.8793	4099.1289	3883.9477	3778.9993	3472.2876	2463.4431		
t17c1	18	6696.4912	6188.7807	5733.2372	5426.202	4944.3989	4629.8139	4197.8181	4128.1797	3865.2304	3588.842	3243.527	3162.6538	3121.6448	2908.0713	2671.9077		
t17c1	19	8160.2472	7609.3758	7155.8681	7244.2197	6649.1627	6202.3733	5753.476	5648.0537	5143.6789	4964.9899	4414.047	3947.8591	3516.4506	3120.5947	2797.6095	2481.592	2128.0006
t17c1	20	9009.2267	8381.7064	8172.4836	7908.3692	8176.7097	7314.3724	6621.2585	6649.3145	6394.1642	6422.1863	5684.2981	4935.2263	4534.6696	4077.1614	3788.6614	3257.4528	2580.7878
t17c1	21	8143.6101	7854.2976	7621.6559	7280.1127	6796.1299	6542.2331	6084.9119	5902.8912	5691.7513	5209.4776	4778.2116	4303.7341	3961.4489	3576.1799	3198.5466	2891.0043	
t17c1	22	9107.5191	8744.6948	8453.1287	7724.4694	7232.2411	6370.068	6036.4232	6053.6239	5338.0028	5112.7616	4703.2266	4334.3074	3918.9591	3812.9173	3380.0925		
t17c1	23	7197.9782	6649.9287	6212.8795	6180.3309	5664.7617	5254.1467	5217.5114	4948.3535	4654.655	4500.8545	4305.3714	3977.5691	3900.4831	3885.7084	3726.0691	3375.3121	
t17c1	24	7613.6102	7653.5708	7381.5301	7061.8172	6699.7042	6266.394	5892.1256	5827.8804	5584.6463	5296.0985	5068.8517	4732.1415	4435.0569	4039.6529	3992.4785	3646.3625	3140.6442
t18c1	1	4481	4185	4111	3597	3260	3117	3281	3211	2849	2605	2505	2711					
t18c1	2	4812.27	4613.7154	4215.5944	4053.7801	3470.4647	3442.1946	3194.4276	3330.8051	2913.1881	2765.3386	2830.6993	6387.3891					
t18c1	3	5919.9147	5840.363	5146.6541	4747.5755	4513.2811	4213.2885	4107.1625	3817.6914	3516.7856	3563.1802	4921.1857						
t18c1	4	6863.9509	6818.3721	6455.2976	6142.1094	5861.7716	5278.617	4897.9376	4672.4228	4310.2828	4048.8838							
t18c1	5	5094.9687	5036.3076	5009.6679	4787.0785	4762.4401	4737.3581	4536.175	4202.6738	4353.2685	5569.6896							
t18c1	6	4785.1147	4534.9258	4370.0367	4321.5906	4159.6186	3993.1785	3490.5002	3384.5067	3401.3462	3572.0991	3776.5769	2965.8102					
t18c1	7	5948.4783	5803.2546	5423.9821	5226.0196	4997.9204	4473.601	4339.0793	4000.9189	3899.1337	3702.3916	3424.4028	3116.8824	2887.3894	2701.0936	2317.3395		
t18c1	8	6628.7372	6432.0756	6166.8356	5730.6897	5413.5659	5061.8405	4864.383	4533.2246	4283.9916	4078.9225	3962.7367	3644.3102	3555.6039	3329.789	2941.8957		
t18c1	9	7052.6133	6460.816	5970.0315	5752.3052	5436.0922	5076.4974	4839.8526	4422.7467	4165.1544	4053.5667	3591.0017	3613.6313	3219.8162				
t18c1	10	7642.9409	7236.1729	6758.5236	6433.0371	5826.8717	5444.9146	5056.7481	4564.3716	4253.184	4034.5458	3808.4195	3882.4159					
t18c1	11	5767.1404	5754.0365	5381.2363	5045.8284	5077.395	4853.9547	4633.7568	4477.7413	4221.7994	4071.1626	3947.8365	3692.3129	3495.7445				
t18c1	12	6062.7293	5801.2386	5417.1955	5044.5366	4865.8951	4654.7015	4363.4528	4516.7196	4040.5664	4093.0884	3699.7059	3693.7941	3449.5858	3347.4064			
t18c1	13	6955	6902	6299	5622	5451	5133	4879	4708	4526	4177	3783	3575	3410	2990	2738	2343	
t18c1	14	7013.3878	6369.7264	5955.694	5593.5787	5305.7936	5178.0655	4835.3978	4686.9059	4426.4288	4407.3625	4152.5962	4008.6953	3850.9474	3458.4147	3301.9832	2849.2023	
t18c1	15	6040.9339	5636.6404	5334.97	5106.0404	4868.0465	4770.3787	4716.9799	4551.3264	4481.1958	4373.0518	4107.719	4041.3364	3835.6913	3621.411	3260.0264		
t18c1	16	8279.571	7851.4827	7373.2513	7008.3735	6902.6265	6520.0212	5937.3096	5672.8418	5537.4162	5160.8746	5080.4846	4693.2251	4368.3276	4003.5537			
t18c1	17	7147.8775	6476.3051	6117.7576	5598.1637	5205.3013	4676.9354	4461.3666	4298.7367	4076.9947	4304.3456	4045.7141	3838.3389	3847.152	3573.1331	2505.2378		
t18c1	18	6603.0044	6205.0882	5732.2055	5399.408	5014.7452	4574.5816	4215.809	4173.7116	3915.5383	3714.5193	3344.0044	3393.292	3197.5861	3097.7997	2740.4038		
t18c1	19	8030.7372	7464.6471	7210.0729	7157.5194	6754.1964	6129.2548	5746.1498	5482.1093	5089.0388	4928.3871	4357.0894	3830.0048	3532.1068	3195.0243	2907.8168	2598.9151	2111.3779
t18c1	20	8788.3256	8250.9135	8132.1647	8104.7888	7821.4201	7376.0037	6674.8637	6829.4133	6612.6252	6549.5688	5771.3377	5218.7356	4592.5848	4180.5247	3889.4412	3439.2668	2779.536
t18c1	21	7944.2134	7859.7616	7566.3883	7212.296	6816.1964	6560.5266	6245.8248	6075.5402	5550.1524	5347.8973	4869.1513	4355.9874	4009.9214	3720.1731	3356.7827	2918.7149	
t18c1	22	9151.3068	8640.7539	8434.9823	7997.5486	7195.7991	6311.6645	6171.5595	6104.886	5381.7305	5233.8295	4781.5848	4353.555	3940.5594	3751.7293	3453.9349		
t18c1	23	7140.5571	6782.9819	5991.1008	6168.0045	5757.9875	5412.9545	5324.3936	5051.5018	4733.4541	4409.5801	4387.3789	4100.73	4067.3922	3931.4132	3855.064	3514.3242	
t18c1	24	7587.9114	7459.8342	7566.9259	7132.3828	6669.8027	6248.6163	5974.9561	5744.2424	5697.7636	5284.7332	5163.6054	4962.1051	4516.5829	4277.453	4196.5937	3813.0586	3291.5177
t19c1	1	4334	4222	4147	3671	3260	3154	3281	3176	2778	2492	2538	2641					
t19c1	2	4714.7658	4536.7412	4265.851	4029.8947	3712.9669	3391.4032	3297.0618	3395.0548	2903.6985	2733.8628	2800.5771	6590.0679					
t19c1	3	5908.6973	5684.5029	5203.4936	4759.3818	4570.4505	4155.9468	4007.9122	3907.6327	3634.3655	3712.6904	5113.6928						
t19c1	4	6865.6395	6867.977	6336.3304	5918.9319	5874.0617	5346.6913	5188.5347	4827.9264	4503.9985	4155.1959							
t19c1	5	5074.3087	5072.6182	5109.5312	4948.4764	4629.9839	4766.345	4559.6876	4393.8371	4331.5129	5547.9211							
t19c1	6	4660.5064	4659.7215	4518.6352	4185.5651	4179.3697	4125.5952	3488.8004	3374.2774	3472.9014	3524.6408	3737.8367	3115.9094					
t19c1	7	5846.5043	5647.7285	5439.9429	5178.4874	4754.4805	4557.8143	4275.658	4015.7835	3881.2765	3668.8721	3429.5591	3155.4925	3011.6307	2835.087	2380.6148		
t19c1	8	6639.5398	6377.0558	5903.2951	5728.0858	5389.5518	5097.6002	4794.0635	4621.1297	4356.6615	4167.8662	3770.3086	3788.6069	3485.0585	3352.7236	2958.5154		
t19c1	9	7104.5301	6670.6384	5889.4553	5799.2491	5337.1479	5188.6159	4749.4737	4582.4985	4203.904	4174.9917	3671.1089	3553.2143	3438.3133				
t19c1	10	7593.9961	7290.3711	6701.6235	6395.6157	5930.0426	5531.0447	5214.9152	4678.2059	4334.417	4001.4134	3827.9706	4178.6778					
t19c1	11	5729.708	5858.4775	5458.648	5147.0712	4980.8895	4788.5569	4587.7895	4499.0221	4291.286	4156.6404	4037.9166	3836.0557	3542.0192				
t19c1	12	6112.4753	5744.7914	5231.0812	4982.0633	4839.2236	4673.3516	4495.1381	4530.2939	4246.038	4137.6115	3718.6404	3742.3091	3584.31	3454.215			
t19c1	13	7029	6476	6087	5693	5521	5096	4879	4601	4420	4176	3924	3752	3286	3156	2803	2396	
t19c1	14	6936.5055	6220.0165	5820.0348	5518.0336	5368.3425	5004.6607	4789.2298	4690.9154	4505.6124	4306.311	4159.0046	3958.6456	3798.8195	3596.3389	3374.8871	2985.667	
t19c1	15	5665.6875	5441.6929	5207.9673	5025.9467	4890.374	4693.4651	4703.393	4648.9865	4356.0762	4278.7746	4198.4277	4080.7979	4001.3923	3611.6007	3365.5251		
t19c1	16	8177.077	7569.8056	7426.0331	6951.2668	6960.2066	6405.5709	6083.5747	5764.5807	5624.9842	5357.7373	5180.0782	4764.3696	4511.5843	4107.7012			
t19c1	17	6926.1372	6484.497	6172.2803	5536.861	5180.8045	4722.7575	4430.0282	4279.4924	4093.7059	4451.3731	4189.7877	4014.2188	3931.2443	3813.8327	2569.4364		
t19c1	18	6455.21	6119.9655	5685.4703	5345.2522	5032.0132	4689.6408	4364.1393	4208.4433	3974.5089	3739.9771	3450.7639	3497.7427	3177.5709	3078.4638	2959.1917		
t19c1	19	8009.1558	7362.6776	7108.9413	7204.1627	6555.7101	6060.2908	5983.7079	5514.3926	5223.7642	4976.7512	4407.1171	3992.8731	3668.5521	3360.1991	2999.1721	2656.3528	2357.3635
t19c1	20	8657.3756	8176.9327	7796.3865	8043.1263	7910.4944	7261.1915	6674.1124	6875.7304	6483	6629.7145	5788.2723	5218.0952	4811.3016	4258.3161	3890.5369	3555.7248	2883.3631
t19c1	21	7928.3404	7803.7134	7462.0099	7142.3596	6799.4011	6589.8205	6275.4587	5970.275	5753.8097	5364.8717	4872.6783	4597.6222	4105.938	3789.0784	3454.6061	3014.9742	
t19c1	22	9003.9316	8491.035	8410.7743	7919.9409	7271.8529	6601.9391	6255.1965	5982.9349	5477.0044	5242.3812	4903.1411	4501.0157	4087.469	3916.6892	3453.6084		
t19c1	23	6987.8188	6633.8391	5987.928	6066.3722	5787.7349	5525.3037	5392.585	5070.0463	4640.9172	4602.7227	4399.942	4185.1782	4106.6209	4009.902	3967.8948	3770.5401	
t19c1	24	7466.3539	7587.9458	7406.1627	7357.2958	6595.5283	6228.0689	5922.0647	5865.2884	5617.1921	5455.9864	5335.5813	5183.5526	4676.634	4306.8726	4360.1385	3925.5546	3358.745
t20c1	1	4370	4297	4037	3634	3259	3263	3387	3353	2814	2676	2478	2712					
t20c1	2	4742.0504	4604.6494	4309.9351	3866.4586	3631.696	3359.4327	3283.7722	3389.4349	2969.6351	2924.7009	2775.8634	6170.7025					
t20c1	3	5825.47	5661.1771	5123.6141	4795.8784	4598.679	4274.0138	4007.2247	3789.1724	3739.151	3803.1906	5226.751						
t20c1	4	6911.4188	6791.6404	6365.4702	6149.239	6054.5766	5486.3162	5037.9888	4983.9811	4370.973	4188.4025							
t20c1	5	5189.7632	5027.5919	5087.7743	4969.2915	4738.4199	4823.5391	4638.6892	4363.2683	4583.9064	5330.3051							
t20c1	6	4639.8106	4516.8818	4387.2089	4227.8029	4182.2015	3946.1845	3543.0188	3532.2972	3600.6305	3918.7433	3868.2696	3122.582					
t20c1	7	5887.0901	5625.3632	5334.3387	5203.9904	4895.1763	4624.0772	4361.84	4052.0776	4019.9682	3922.1279	3537.8262	3192.2951	3119.6644	2889.944	2348.2388		
t20c1	8	6561.2746	6197.0207	5990.823	5796.7314	5614.1764	5087.9798	4866.0718	4671.1841	4224.1921	4172.4259	4142.8714	3783.0646	3626.5378	3531.5437	3096.2607		
t20c1	9	6996.2106	6574.1785	6119.6103	5892.4669	5385.6906	5252.9894	5052.4976	4757.1541	4345.074	4230.0314	3786.5951	3775.6735	3431.7525				
t20c1	10	7780.2061	7557.3213	6901.3395	6435.6406	5975.2548	5605.9851	5323.8068	4832.0749	4457.3441	4037.268	3977.0039	4147.735					
t20c1	11	5855.7112	5690.5186	5495.3612	5351.4899	5066.1149	4752.6747	4728.2968	4534.2713	4406.4557	4300.5578	4113.8768	3907.5784	3758.3488				
t20c1	12	6054.3427	5662.3665	5231.0222	4948.3679	5027.6222	4708.9231	4638.1407	4608.455	4141.5394	4238.7451	3896.7872	3926.6063	3736.52	3520.9165			
t20c1	13	6584	6441	6299	5693	5344	5133	4951	4495	4489	4177	4031	3751	3410	3149	2883	2520	
t20c1	14	6967.9707	6331.4483	5816.5497	5490.7872	5421.9185	5062.4411	4802.2312	4637.5005	4545.7738	4342.2548	4312.5815	4148.1077	3897.6796	3651.1316	3534.6329	2941.1954	
t20c1	15	5688.1693	5469.9176	5330.8492	5077.8366	4919.1279	4687.876	4750.0657	4656.8869	4480.7688	4455.5644	4290.6314	4342.5483	4147.8332	3863.3306	3450.6764		
t20c1	16	8101.7942	7627.1285	7470.7856	7089.7956	6937.5949	6618.6098	6231.3516	6099.8428	5821.1028	5658.019	5290.6276	4861.0525	4658.1947	4257.8506			
t20c1	17	6903.6806	6444.1725	6047.1105	5606.8106	5139.1958	4870.9136	4521.1472	4371.7036	4278.7951	4449.0749	4335.3966	4050.3216	4037.7662	3823.4729	2621.3855		
t20c1	18	6427.7778	6105.6386	5711.3947	5333.9613	5019.5978	4732.6309	4354.0586	4205.7752	4052.0627	3807.4904	3558.7967	3543.3462	3338.2911	3217.5154	2892.2258		
t20c1	19	8153.7906	7617.0316	7375.5657	7430.3901	6697.9776	6261.0556	5993.3529	5861.6209	5357.9711	5162.665	4634.2405	4205.8596	3736.9422	3375.4453	3122.6505	2709.6253	2277.7021
t20c1	20	8844.3678	8114.2497	8051.3646	7757.7901	8144.1859	7451.1572	6853.8486	6845.8464	6741.9596	6759.0327	5951.9712	5397.6113	4879.6205	4532.8042	4116.8453	3676.8612	2871.4452
t20c1	21	7967.2666	7664.9141	7461.6218	7139.8319	6895.8913	6455.6954	6250.9552	6010.5335	5896.2642	5383.2639	5082.8708	4805.4877	4181.4687	3961.6169	3565.9989	3120.8715	
t20c1	22	8837.4041	8566.9265	8468.2027	7883.6245	7306.9682	6604.4361	6280.3468	6205.0569	5737.3146	5353.8524	5092.2052	4639.7913	4285.6183	4162.5699	3629.0659		
t20c1	23	6965.7536	6678.5583	6177.9268	6092.4098	5879.8179	5503.828	5336.7334	5282.1772	4959.2616	4725.3955	4640.8629	4421.6358	4280.3962	4339.2241	4145.717	3871.561	
t20c1	24	7514.0814	7443.5127	7375.557	7031.0348	6690.8652	6451.9051	6105.0281	6113.7932	5695.2111	5467.3941	5431.0937	5207.6305	4805.6658	4588.898	4477.5564	3978.2365	3661.8995
t21c1	1	4259	4186	4037	3598	3259	3191	3387	3388	2849	2605	2436	2854					
t21c1	2	4677.8683	4443.5416	4223.6278	3788.1261	3568.7548	3319.3118	3301.9288	3298.2369	2878.2201	2844.1444	2879.6744	6224.7914					
t21c1	3	5856.4354	5660.6177	5072.8353	4829.125	4563.0086	4283.2407	4062.4285	3923.5847	3652.8328	3757.6565	5474.7445						
t21c1	4	6678.4386	6763.3687	6178.7653	6024.5423	6056.6921	5498.5394	4943.5625	4835.4085	4383.8442	4154.0003							
t21c1	5	5108.6197	5023.6248	5046.3898	5016.5651	4768.3277	4801.7985	4687.6675	4557.4784	4472.3891	5256.8278							
t21c1	6	4588.086	4485.404	4389.8228	4224.1071	4240.1798	4040.2364	3606.089	3558.4929	3502.6913	3858.7252	3967.0907	2996.2829					
t21c1	7	5958.0123	5541.9733	5284.8337	5173.2321	4896.9165	4589.7627	4367.4328	4113.0453	4006.2187	3892.0889	3596.8502	3216.5809	3117.19	2886.2196	2464.4418		
t21c1	8	6431.0855	6389.7709	6043.1792	5596.1754	5441.4102	5056.0626	4903.5479	4477.4596	4274.5751	4249.5693	3911.228	3853.7578	3759.7471	3550.9904	3107.5707		
t21c1	9	6921.4521	6391.0589	6087.0911	5809.1401	5437.6079	5137.2274	4796.7193	4749.2863	4499.6332	4174.3525	3956.0342	3778.7556	3499.8949				
t21c1	10	7559.251	7414.9922	6747.3202	6435.1792	6056.9451	5658.3108	5279.7017	4787.7091	4526.2592	4202.4907	4004.5923	4035.9231					
t21c1	11	5848.1149	5385.0378	5433.1982	4948.6764	4977.0249	4811.2402	4726.5656	4556.5744	4443.8911	4365.153	4182.316	4031.8227	3758.5387				
t21c1	12	6099.5853	5713.1482	5277.1366	5201.9234	5043.9113	5009.3518	4655.8388	4671.3217	4475.2558	4329.0068	3819.3009	3984.8764	3771.9794	3624.9155			
t21c1	13	6917	6476	6300	5975	5416	5026	5127	4707	4562	4070	3746	3892	3582	3250	2993	2523	
t21c1	14	6639.5702	5981.6595	5779.3653	5480.1759	5169.2371	5114.9149	4894.7429	4795.3213	4484.4897	4260.2571	4311.5042	4222.5557	3982.2542	3841.2577	3474.4249	2937.2579	
t21c1	15	5767.9584	5313.9842	5191.1478	5032.7417	4927.6104	4737.1973	4749.447	4743.7441	4585.4509	4632.7952	4457.6469	4367.5171	4068.6725	3956.7776	3615.5765		
t21c1	16	8104.908	7694.0462	7425.0184	7039.6155	6988.3765	6727.6643	6303.979	6052.8369	5779.0877	5659.1312	5550.061	5006.5043	4733.8441	4293.8506			
t21c1	17	6848.9272	6464.1198	6089.6787	5682.0704	5276.0541	4909.9085	4557.7291	4436.5002	4301.0657	4646.8315	4449.8918	4093.8264	4177.947	3926.6627	2725.5096		
t21c1	18	6387.5857	6056.6801	5920.8667	5304.1349	4991.2496	4664.1783	4457.9749	4305.5295	4085.384	3880.4951	3577.048	3601.4542	3426.0684	3328.8351	3068.2644		
t21c1	19	7960.238	7421.632	7269.6323	7292.2667	6603.8754	6177.6407	5900.6979	5767.8902	5188.8585	5223.2167	4565.8052	4253.0733	3662.9455	3448.6815	3131.6355	2720.2438	2398.0334
t21c1	20	8653.4629	8031.2872	7969.086	7718.3333	7889.4459	7350.608	6706.3129	6936.3799	6556.9296	6744.5113	5874.0323	5471.4657	4892.2081	4428.0295	4132.9838	3732.4356	2957.6463
t21c1	21	7819.7996	7500.579	7273.3883	7070.6109	6860.0158	6578.6196	6264.465	6145.5428	5886.4002	5508.6672	5169.6658	4782.2351	4286.7136	4041.5134	3661.3714	3286.4853	
t21c1	22	8791.3344	8440.2852	8565.9031	7765.774	7158.3718	6615.5111	6258.979	6285.5304	5643.1681	5397.012	5062.3378	4600.0183	4265.5329	4161.8292	3722.8078		
t21c1	23	6944.6567	6424.8586	6017.4181	6133.379	5755.9749	5716.1865	5449.517	5126.3564	4881.9852	4854.0137	4601.5918	4336.8718	4389.4155	4208.7533	4120.0117	4009.0652	
t21c1	24	7533.248	7438.4524	7568.278	7235.6763	6754.1783	6271.9873	6224.6716	6070.6379	5817.0592	5566.4949	5427.6273	5168.5822	4863.537	4611.8664	4666.3359	4230.7058	3637.4886
t22c1	1	4333	4186	3963	3487	3297	3152	3425	3388	2922	2746	2570	2925					
t22c1	2	4632.231	4473.0266	4146.0424	3917.2406	3619.9586	3403.4083	3285.3911	3386.2428	2924.7982	2908.6523	2867.8334	6028.6289					
t22c1	3	5786.0707	5559.984	5089.0282	4795.5725	4725.3597	4276.6147	4023.6782	3923.5448	3673.6639	3822.8901	5662.7225						
t22c1	4	6613.9439	6580.5807	6202.9226	6147.7558	5839.3069	5379.9235	5094.5634	5007.275	4372.9386	4230.1776							
t22c1	5	5094.9647	5036.7004	4964.7655	4959.8811	4738.6823	4911.4325	4622.269	4428.5684	4581.1277	5074.0395							
t22c1	6	4564.4133	4401.0515	4308.1943	4243.4027	4198.0025	3965.7239	3728.5599	3505.2047	3662.5509	3865.0546	3792.6033	3110.0715					
t22c1	7	5806.1449	5470.314	5307.8634	5164.1964	4963.0806	4703.1081	4463.9788	4240.6524	4146.5811	3849	3617.6644	3398.3806	3177.883	3041.4791	2514.3263		
t22c1	8	6376.0194	6233.0676	5877.0612	5714.7197	5386.7616	5182.9256	4978.6765	4574.6704	4456.7039	4272.4248	4149.9931	3955.8642	3684.3979	3614.0204	3191.384		
t22c1	9	6882.3873	6329.8132	5925.6595	5703.4777	5405.5978	5144.1095	5007.8339	4611.8192	4530.5431	4411.2802	4030.0335	3809.1048	3591.1759				
t22c1	10	7468.7595	7220.2178	6774.9595	6263.6055	6109.7144	5732.281	5350.1049	4722.7008	4539.2035	4345.0662	3976.5812	4174.7165					
t22c1	11	5806.0268	5719.0904	5410.1256	5419.5434	5046.9804	4849.0549	4800.3874	4622.788	4577.3782	4292.03	4221.2651	3973.5457	3878.9157				
t22c1	12	5902.1495	5750.9916	5334.9277	5001.6068	4850.967	4735.5328	4778.0511	4759.8543	4323.1999	4274.1613	3944.6015	4083.4827	3805.3999	3673.6948			
t22c1	13	6879	6512	6194	5800	5486	5344	5020	4530	4384	4211	3960	3787	3684	3239	2991	2550	
t22c1	14	6586.191	6017.303	5709.9926	5447.0154	5207.9752	5062.3599	4814.6945	4827.5898	4598.9587	4480.1621	4352.9748	4207.1459	4077.1843	3864.0756	3512.5023	3226.3623	
t22c1	15	5639.2836	5242.474	5158.0814	4960.4445	4863.6581	4768.4194	4813.7035	4675.9531	4650.5886	4476.6266	4464.6708	4428.1309	4292.6916	4091.3819	3693.6495		
t22c1	16	8064.1283	7612.4497	7347.6795	7110.7956	7202.081	6748.542	6126.5454	6098.2746	5867.9935	5670.5235	5528.6014	5170.6312	4859.2942	4337.0234			
t22c1	17	6742.8281	6441.7669	6082.0848	5506.0934	5278.4017	4828.8899	4656.324	4494.3233	4336.4465	4631.2929	4395.1598	4231.8383	4287.6273	4064.5072	2916.4408		
t22c1	18	6350.4973	5873.0997	5516.0896	5405.8389	5035.1686	4782.3836	4426.6172	4298.9405	4152.0536	3827.355	3707.213	3701.1862	3506.0227	3400.3588	3114.5759		
t22c1	19	8068.3602	7348.7148	7094.0121	7158.2955	6581.6597	6293.0805	6014.4661	5753.8301	5282.4097	5162.0856	4508.0587	4131.7024	3774.7354	3492.1163	3174.1591	2933.7208	2294.623
t22c1	20	8522.8736	8092.6246	7948.6911	7619.155	7929.8498	7308.6945	6805.2496	7089.495	6578.2494	6718.8227	6102.1554	5444.2206	5100.5751	4513.2319	4290.6002	3781.7476	3079.8383
t22c1	21	7664.5458	7416.8459	7325.3965	7138.3285	6886.2927	6698.233	6188.4311	6112.7359	5887.903	5547.1045	5213.9414	4796.5766	4356.3356	4081.0113	3742.0288	3419.7363	
t22c1	22	8739.4887	8292.6379	8258.9799	7832.5065	7279.1771	6612.6434	6345.4117	6225.7613	5642.4833	5397.3621	5056.3219	4831.3142	4384.2358	4203.7247	3871.8033		
t22c1	23	6802.5016	6607.2144	5971.5645	6097.9086	5944.6423	5511.9385	5382.05	5257.3772	5032.9004	4839.6797	4793.0239	4443.7255	4409.3825	4404.8037	4238.0967	3951.1445	
t22c1	24	7391.7682	7481.6753	7428.5056	6992.7059	6781.0758	6448.7923	6137.2084	6072.3137	5893.9113	5710.178	5676.4352	5234.7949	4995.2581	4690.2608	4720.6975	4333.2117	3749.3651
t23c1	1	4185	3963	3963	3635	3260	3191	3531	3424	2849	2818	2640	2747					
t23c1	2	4676.2399	4451.7229	4084.7327	4027.9843	3580.5983	3334.0557	3303.4992	3452.3543	2922.5936	2932.3402	2825.6921	6096.6908					
t23c1	3	5735.2709	5527.5353	4953.6627	4637.4165	4683.1674	4285.0428	4162.8242	3908.9712	3733.9811	3872.6598	5899.3064						
t23c1	4	6686.6477	6458.7422	6315.8439	5923.5232	6043.6345	5593.1392	5157.1677	4949.2738	4454.6985	4231.2989							
t23c1	5	4999.9322	4979.5086	5091.1467	4955.2897	4780.832	4738.7675	4681.6729	4386.2968	4671.8738	5108.5972							
t23c1	6	4548.6558	4399.385	4281.5862	4057.9054	4125.0046	4012.6157	3673.6709	3448.5649	3726.588	3815.9374	3973.8567	3113.5968					
t23c1	7	5769.727	5541.3463	5188.3629	5067.7701	4719.4805	4544.8669	4471.7354	4140.4628	4153.3245	3884	3648.8168	3255.5907	3195.7698	3081.1518	2555.7538		
t23c1	8	6128.9948	6078.2285	5816.4611	5648.015	5372.4645	5066.7109	4904.2781	4651.471	4334.0333	4278.1528	4015.2977	3947.487	3766.8903	3573.0677	3288.4207		
t23c1	9	6589.0406	6400.9614	5828.6688	5690.5549	5560.3445	5188.2841	4859.341	4682.5255	4445.3528	4368.6214	4075.6729	3804.781	3609.3592				
t23c1	10	7470.1709	7076.168	6722.564	6329.6006	5952.3884	5714.8618	5414.667	4793.6362	4610.8999	4261.1509	4129.1796	4251.6478					
t23c1	11	5686.2686	5544.862	5308.796	5109.789	5062.0752	4843.3295	4836.1601	4636.6243	4537.884	4334.9677	4257.7935	3987.7303	3819.0012				
t23c1	12	5926.6917	5521.2454	5311.1885	4922.2293	4938.8832	4799.1227	4566.8886	4693.4015	4262.7282	4248.3174	3970.8172	4125.7932	3866.2424	3677.7657			
t23c1	13	6548	6159	5981	5552	5521	4990	4879	4778	4597	4283	4172	3752	3560	3357	3084	2658	
t23c1	14	6455.8288	6027.4898	5632.0538	5538.7987	5214.8709	5021.2253	4805.8364	4761.1599	4494.1858	4466.057	4393.4231	4500.7925	4251.8215	4006.4133	3664.4477	3171.7733	
t23c1	15	5495.1375	5313.9272	5023.2059	4880.2075	4915.9122	4760.1526	4811.412	4692.4679	4671.2224	4530.5701	4470.4903	4556.4263	4176.5646	4048.5058	3690.2657		
t23c1	16	7823.4961	7621.8775	7303.2389	7096.4374	7118.9626	6755.6055	6340	5968.7261	5992.2019	5718.0177	5473.1919	5274.6503	4847.5981	4330.9346			
t23c1	17	6557.2151	6291.1107	5854.0119	5517.0426	5201.8143	4883.021	4648.2926	4478.5534	4280.2236	4603.7496	4536.1025	4350.7134	4254.2532	4137.6617	2836.582		
t23c1	18	6247.1977	5987.0193	5688.7298	5403.7177	5037.7122	4761.2756	4433.5039	4418.8043	4179.6499	3890.7923	3799.7276	3744.1655	3487.2663	3444.0586	3138.0222		
t23c1	19	7447.2454	7190.1938	6892.0984	7032.6724	6527.972	6063.8539	6014.4962	5631.0644	5290.9539	5076.0308	4513.7542	4116.6886	3853.8339	3559.1037	3167.2156	2878.5064	2424.3203
t23c1	20	8335.7808	7795.6805	7745.3523	7557.712	7885.3855	7302.9247	6634.237	6825.0987	6732.817	6646.8957	6165.5798	5681.2936	5005.2854	4556.3147	4238.6067	3857.6112	3112.7649
t23c1	21	7589.5471	7287.7448	7290.5231	6965.76	6686.4841	6717.4818	6196.0823	6110.96	5955.3544	5733.1895	5263.3969	4742.5105	4413.6296	4105.932	3826.7844	3409.1136	
t23c1	22	8493.8495	8241.7538	8112.2754	7718.2073	7242.9754	6494.9104	6207.5237	6312.2111	5618.8812	5400.1292	5227.5705	4842.0919	4548.9146	4343.2118	3853.5938		
t23c1	23	6719.9987	6226.3994	6019.9839	5998.3254	5766.1587	5580.4711	5425.2093	5272.0121	5001.4888	4998.9639	4696.3111	4650.7694	4456.5567	4422.5243	4310.2671	4144.1733	
t23c1	24	7234.6735	7389.2512	7495.1639	7028.1433	6683.1219	6256.7648	6184.8887	5981.164	5906.5245	5629.2353	5515.8409	5376.6452	5094.3099	4759.4171	4780.6338	4507.9439	3870.2442
t24c1	1	4369	4074	3999	3522	3185	3228	3531	3209	2992	2818	2605	2925					
t24c1	2	4485.3007	4340.4239	4048.6503	4031.8853	3612.1689	3422.3607	3313.719	3499.9181	3017.1215	2893.6546	2877.8299	6063.7446					
t24c1	3	5583.149	5488.5328	5085.019	4612.4071	4646.7162	4314.6534	4134.5469	4008.0037	3747.9924	3850.7232	5821.1437						
t24c1	4	6609.4741	6562.0409	6155.2177	5941.7194	5782.4866	5497.2305	5113.8984	4954.5659	4548.1984	4376.9557							
t24c1	5	4904.442	4831.5014	4958.1806	5006.1304	4888.4429	4809.1858	4686.8937	4475.2107	4589.4432	5130.9176							
t24c1	6	4462.99	4353.0431	4256.6137	4197.5677	4022.8695	4012.1888	3542.6339	3461.8721	3679.0355	3845.7141	3830.7687	3058.0179					
t24c1	7	5620.9083	5379.7985	5116.0646	5049.401	4787.3687	4651.009	4327.0077	4137.2988	4046.4981	3911.7832	3672.8875	3360.517	3270.0768	3077.7043	2517.3465		
t24c1	8	6086.7184	5875.5852	5699.7795	5611.4497	5326.4607	5068.354	4728.2585	4667.3467	4430.1634	4172.0975	4064.4471	3943.4301	3811.2683	3670.1168	3305.9389		
t24c1	9	6786.3161	6294.9041	5863.0783	5618.9972	5492.2615	5076.312	4916.6578	4700.0904	4395.2442	4408.6304	4046.3467	4061.1216	3636.5414				
t24c1	10	7168.7078	6952.0244	6517.9278	6324.6157	5987.3823	5656.5918	5349.9667	4868.4961	4622.284	4454.5119	4099.9101	4293.3225					
t24c1	11	5558.4761	5439.5665	5230.7923	5207.0625	5017.6622	4896.5557	4833.6273	4700.7578	4530.337	4344.6209	4335.8067	4120.5511	3964.5249				
t24c1	12	5814.8999	5436.4994	5215.7545	4863.3752	4866.0513	4645.8656	4677.4648	4850.6503	4384.7531	4389.2907	4069.8216	4071.5708	3845.8972	3672.525			
t24c1	13	6289	6121	6263	5623	5379	5060	5057	4742	4527	4353	3924	3892	3825	3400	3001	2559	
t24c1	14	6391.7752	5728.1124	5523.9967	5286.949	5232.1194	4922.2715	4820.676	4667.537	4522.064	4568.7957	4319.2846	4390.5236	4237.6398	3988.4003	3660.3467	3390.3821	
t24c1	15	5579.2443	5133.9181	5061.2434	4911.8665	4835.3065	4762.6687	4744.7702	4657.875	4642.9543	4660.456	4628.7586	4469.2676	4361.1281	4201.5749	3758.6565		
t24c1	16	7612.1081	7492.4347	7293.7768	7131.8258	7055.8899	6686.5989	6084.1284	6146.446	5852.3148	5681.6242	5525.3562	5232.4467	4916.1708	4365.4229			
t24c1	17	6606.5973	6159.1997	5948.7612	5526.8998	5076.3206	4718.9993	4609.7038	4519.1431	4486.2191	4714.2342	4560.2579	4359.5636	4393.421	4205.0971	2956.0302		
t24c1	18	6115.7999	5922.6085	5589.9586	5357.9442	4957.8877	4739.7497	4530.4269	4428.8025	4220.9942	3934.0534	3671.3561	3814.0246	3705.1199	3553.9517	3176.7112		
t24c1	19	7470.8669	6922.416	6897.617	6799.1049	6539.9968	6018.2844	5851.4605	5617.5305	5290.4827	5077.2689	4640.582	4151.1491	3789.2231	3473.1768	3260.6794	2944.0839	2505.1028
t24c1	20	8224.9652	7663.5364	7723.1372	7590.4838	7661.754	7245.4657	6692.5395	6829.6045	6674.5609	6661.9947	6142.8809	5671.8563	4980.8814	4633.917	4411.9698	3828.878	3245.0068
t24c1	21	7565.5183	7232.1729	7212.7153	7137.365	6650.5328	6559.3466	6404.4592	5909.3793	6064.1637	5633.9457	5360.8245	4856.6345	4549.8345	4271.557	3841.9146	3550.2975	
t24c1	22	8494.695	8269.8638	8053.9454	7589.0164	7084.7667	6551.6433	6247.8307	6304.5187	5763.8871	5460.2018	5236.304	4833.7117	4474.3189	4284.0472	3918.6744		
t24c1	23	6675.0506	6245.2931	5972.9558	5960.2084	5791.2175	5501.4253	5337.4349	5329.8427	5019.2083	4947.5869	4669.9131	4480.9442	4508.7652	4539.2883	4283.2861	4135.3262	
t24c1	24	7161.6867	7151.1909	6999.8248	6889.7599	6568.9278	6322.2525	6110.116	5999.0979	6021.7016	5745.7517	5681.509	5231.8116	4978.0135	4916.6803	4981.7923	4548.6187	3875.1044
t25c1	1	4147	3962	3889	3561	3371	3374	3459	3459	2921	2854	2677	2784					
t25c1	2	4472.6198	4368.9254	3964.1341	3897.6875	3472.1324	3416.1302	3442.1467	3504.1885	2971.8389	2983.6772	3013.8605	6020.2004					
t25c1	3	5588.1954	5397.9851	4949.6719	4663.5382	4492.9636	4201.445	4134.0013	4087.1496	3717.042	3842.5172	6047.825						
t25c1	4	6550.3844	6487.9017	6304.7561	5862.1647	5910.2847	5477.0233	5192.6769	5040.9039	4513.2892	4303.1713							
t25c1	5	4819.8763	4943.2637	4903.6685	4882.1205	4804.9935	4865.611	4659.6784	4509.8517	4653.9599	4930.8708							
t25c1	6	4472.4359	4378.5707	4339.9511	4139.6341	4090.9128	3981.9544	3726.3058	3596.8103	3705.2801	3876.2109	3918.1063	3102.6469					
t25c1	7	5473.4571	5413.2241	5014.5987	4914.2879	4926.3564	4550.939	4429.1488	4157.0106	4066.4158	3987.3916	3757.9643	3469.4415	3177.2059	3076.4327	2689.1214		
t25c1	8	6080.39	5928.6841	5811.3689	5541.9985	5321.3871	5084.6476	4723.6741	4473.8506	4421.8628	4321.5461	4199.3107	3984.4751	3830.5403	3679.5168	3361.2997		
t25c1	9	6465.2841	6114.5852	5434.5044	5531.5547	5345.0368	5078.7174	4867.0696	4629.1871	4496.9878	4381.177	4105.081	3977.2464	3704.3124				
t25c1	10	7143.4663	6915.7227	6654.2042	6430.895	6099.4553	5658.9426	5236.672	4796.6671	4544.8737	4476.6518	4141.905	4389.448					
t25c1	11	5552.5447	5436.3116	5280.8888	4998.7126	5045.198	4886.1331	4835.8464	4828.8298	4602.7239	4429.6259	4379.0332	4134.3971	3923.896				
t25c1	12	5717.5428	5413.8157	5359.1988	4823.7149	4901.6631	4929.3832	4617.8529	4803.047	4271.0816	4392.3972	3997.2811	4155.0414	3786.2832	3794.5752			
t25c1	13	6326	6193	5945	5515	5344	5273	4810	4742	4455	4105	4207	3858	3718	3337	3049	2629	
t25c1	14	6297.4227	5900.0293	5456.8975	5235.2276	5131.0475	4789.1132	4788.527	4716.8019	4507.4385	4461.4905	4426.2138	4329.7604	4179.6362	3858.0578	3700.5306	3266.6555	
t25c1	15	5346.2195	5095.3374	5018.3647	4772.789	4681.5174	4658.0046	4731.8859	4668.9836	4585.189	4599.1624	4532.0776	4571.873	4343.6281	4138.1034	3875.2583		
t25c1	16	7674.124	7390.5651	7241.628	6897.7324	6823.1408	6692.7834	6373.6694	6017.6871	5910.2414	5793.7801	5421.4089	5241.1882	5022.034	4512.4229			
t25c1	17	6572.6541	6138.1751	5942.1195	5475.3657	5132.8848	4747.948	4603.9288	4490.031	4445.2658	4694.7074	4655.1974	4389.587	4357.7122	4283.0787	2927.9405		
t25c1	18	6077.8313	5709.2973	5283.514	5296.8221	4993.575	4740.5035	4416.4227	4441.4194	4213.4134	3972.6144	3768.5381	3775.6879	3604.7831	3532.4761	3192.1262		
t25c1	19	7489.3203	6929.5417	6868.1901	6812.8893	6453.7007	6128.4831	5672.285	5575.1741	5244.5854	5099.5896	4663.9752	4266.095	3834.354	3603.7623	3294.7935	2953.245	2517.1047
t25c1	20	8230.0732	7799.9798	7607.7247	7267.8485	7679.6816	7320.3629	6762.2311	6995.5698	6676.3415	6857.1675	6152.903	5780.8983	5183.2356	4737.9978	4346.191	4037.2427	3145.1265
t25c1	21	7341.9079	7287.5904	7108.6899	6892.8307	6763.0219	6471.2351	6289.4542	5906.5525	5936.437	5790.6786	5361.4965	5003.3892	4539.9448	4226.4168	3910.5032	3623.6368	
t25c1	22	8388.5911	8114.0202	8007.2468	7605.3129	7127.4997	6437.7709	6364.2496	6284.591	5887.5366	5643.1466	5211.5864	4849.5925	4601.8303	4405.8545	3935.2208		
t25c1	23	6598.6632	6141.2307	5848.9444	5883.9268	5657.4568	5634.9525	5475.9846	5207.6486	5126.9102	4970.3916	4801.49	4481.3825	4544.2298	4543.0342	4373.9932	4314.6061	
t25c1	24	7065.307	7246.5769	7089.676	6912.4628	6577.1634	6280.8527	6205.2369	6086.8049	5910.6333	5722.0485	5685.4724	5523.2739	5112.8082	4877.2374	4946.5058	4491.2513	3790.3963
